3849.27978515625
1965.98388671875
1313.0338541666667
1013.5802001953125
751.39609375
642.3792317708334
524.97998046875
447.64886474609375
404.28325737847223
383.827734375
351.75661399147725
317.2016194661458
307.97750150240387
265.92274693080356
263.0681640625
218.9320068359375
216.39636948529412
205.69680447048611
194.6379266036184
189.97266845703126
195.5571754092262
178.80931507457387
169.7305961277174
155.2656453450521
146.7443359375
135.2384033203125
138.57111725983796
129.36160714285714
126.65013806573276
119.91189778645834
123.53641633064517
118.36622619628906
111.89593690814394
110.18976907169117
108.0861328125
97.64489067925348
102.07250316722973
103.74313836348684
101.86775716145833
96.0278564453125
94.20317263719512
87.38641648065476
86.1686160065407
86.16742498224431
78.74602864583333
77.86424719769022
74.74629114029256
82.1959940592448
72.7030253507653
80.0962451171875
67.86861404718137
70.29034893329327
71.54378869398585
69.867431640625
66.30781693892045
68.93716430664062
68.1484803316886
68.73090651939656
67.68031233448093
59.6666748046875
59.765865138319676
58.31249606224798
56.13575768849206
56.278316497802734
59.50647911658654
56.40273585464015
54.92525288596082
56.162698184742645
50.9813427026721
51.91304408482143
53.26202822403169
51.55944146050347
53.94128919627568
51.522589606207774
46.571139322916665
46.77343107524671
49.29763278713474
45.99719551282051
48.61958873121044
48.429525756835936
48.54331838348765
45.42367032679116
41.757709549134034
41.91773914155506
41.698483455882354
41.24647415515988
42.1062152029454
39.09319513494318
42.956671896945224
43.5640380859375
40.5359128176511
40.974057404891305
36.48384734122984
37.93314702460106
36.99370888157895
39.79127502441406
36.2866714320232
38.656658561862244
35.892740885416664
36.062255859375
