3539.85302734375
1925.239013671875
1341.7855631510417
943.0061645507812
767.52275390625
634.4702555338541
521.9757603236607
479.8717346191406
406.59673394097223
393.293359375
358.8255504261364
314.16135660807294
312.77475210336536
270.35079520089283
240.72960611979167
243.0364990234375
225.37627814797793
202.89341905381946
199.27599455180922
192.02315673828124
168.33746047247024
162.15061257102272
157.4500679347826
159.91303507486978
149.3831640625
144.10775052584134
147.5663700810185
138.34381975446428
121.06606950431035
126.2126708984375
130.77864320816533
126.92786407470703
113.2593661221591
105.75846593520221
98.31466238839286
107.68549940321181
97.05603357263513
97.98176655016448
96.22253104967949
98.248583984375
93.7532929211128
87.72478376116071
84.28876726017442
86.84323397549716
78.12482096354167
82.43831734035327
84.53969103224735
76.44646708170573
79.1302266023597
77.8080126953125
72.63399969362744
74.0153057391827
68.4327231353184
65.79347511574075
65.92883522727273
68.0423583984375
64.27709532620614
57.93274767645474
60.167066671080505
59.370068359375
58.685554879610656
61.82779029107863
58.58809213789682
59.39512252807617
58.86500150240385
56.25167939157197
55.77248644472948
57.1434757008272
52.91255519701087
52.31707938058036
49.66517660651409
50.12694295247396
51.53221318493151
49.80451264252534
50.928173828125
45.71126516241776
51.38725776176948
44.10894305889423
47.09741519976266
47.0931884765625
43.28387827932099
44.63241353849085
43.108601397778614
43.53969029017857
45.74842888327206
44.15269576671512
39.65081155711207
44.675084894353695
40.14595494645365
39.34125434027778
39.67666659512363
42.61592964504076
40.474215599798384
37.70832987034574
37.363607627467104
39.03661346435547
35.571598642880154
33.59299515704719
35.16841264204545
33.82031005859375
33.93051902846535
