4667.302593927485
5301.127929906358
4790.715896411461
4621.774082783726
4867.306340844352
4995.932043198157
4805.731527633605
4531.473138455446
4964.978264693902
4544.619770328756
5039.252704115009
5260.7927031712015
4529.5055800092505
5134.909281762974
4705.764570453298
4283.5877764661445
4539.863164411879
4602.562347750811
5052.186219964553
4463.28019564274
4614.510278168299
4248.6820745835985
4544.840078606974
4520.941421609346
4330.748818808138
4622.736607092267
4718.369939187022
4223.13892110682
4444.046487965211
3965.136987334691
4418.962991029768
4189.050019620144
4278.80786565881
4366.817845454803
4238.538293063614
4175.301662980867
4235.823848098839
4068.1897992810923
4426.012686145984
4515.613209793966
3890.9918400193055
3942.784632959229
4235.222847973076
3978.7586461436713
4317.865801811719
3670.723831052442
3802.8149332771054
3812.0068281753383
4181.619898844928
3605.8655782506326
3828.3418366480437
4075.440515906286
3946.8456828101966
3801.937270306373
4014.54578652459
3495.581315354349
3627.8959417815922
3697.4618286998534
4078.4907309602154
3601.029105098623
3478.9466723674
3671.664660156128
3519.377445588726
3613.494878968453
3553.5225322630604
3374.069707444511
3255.87954338127
3392.075924400216
3590.415142725531
3750.5318526118526
3136.139318666725
3269.0081884823758
3319.066050630821
3540.118923888066
3503.670171927611
3760.7006066326385
3213.578862216538
3610.7141375352103
3256.6981775586178
3134.163803998185
3284.547448738071
3226.5106383861157
2994.418710166909
3386.0145309607437
3189.658044457081
3171.154612774594
3048.4041436873104
3101.645571494657
3301.1234154475574
2854.5177144410204
3401.355864427494
3135.82601521737
2956.3896774887867
3039.4096142818607
2964.505729849355
3055.373606417675
3054.254625254455
3010.942939413982
2884.8112820475135
3202.455201308008
2687.247894835941
