4885.423357022195
4875.210444622322
4730.4674002677075
4877.709789342488
4432.4275757893965
4586.019352246851
4739.00484651541
4973.016656611345
4554.005794081934
4724.975201691575
4457.802172996338
4598.434314008651
4607.848326672785
4512.743142594013
4409.666050609089
4592.680720751632
4464.9748189203665
4392.324796466355
4534.892936384209
4370.1721236799685
4477.000869847194
5082.869436165208
4270.108310416916
4724.6021243709765
4218.8278248463785
4904.806370654854
4715.019621294365
4248.719491798757
4198.366912369581
4361.557849461342
4089.591941807734
4259.09194243554
4231.559526947276
4363.972748042266
4030.9737508549297
4022.845877843227
4197.3600290568575
4137.352058226823
4544.2132217112285
4100.778803225196
3895.084873096906
4078.9664061503313
4262.105864303388
3862.894142275674
4246.376133259661
4209.868172987222
4192.093873980696
4052.879369529203
4114.277180024013
3846.511517886238
3531.863669595099
4032.81046818009
4175.773006923067
4216.222990996433
4176.811025020561
3524.371728132926
3742.346558242662
3843.467319221401
3597.8489206179197
3751.8193161943514
3698.9793463746514
3594.499443024501
3527.9136311510792
3355.867814490522
3397.2644825953266
3612.8585763420615
3480.4207820847378
3504.7390218854234
3295.702792258983
3730.6557741049055
3708.5739207107613
3761.7328880342357
3264.941242537707
3167.2739768426604
3410.7894071811384
3483.0906529553768
3497.264426666678
3198.860901252934
3234.518974351783
3180.717878995119
3378.968888413522
3134.883283474294
3232.79072042453
3313.783639188095
2993.6187489634417
2979.344119929561
2911.2937219862097
3124.3212232089754
3035.6354715048706
3336.6368255931307
3176.2251849070453
3251.791981025747
3177.50115427202
3005.417555374474
2974.5618564808683
2917.3081938174273
3063.2433312017333
2856.3143888795034
2784.108621278784
2912.21923215171
2714.54752118398
