5736.834207193139
6502.060616238231
4867.747749877696
5966.441860876517
6017.519969123191
5252.400129631857
5752.715949432561
5276.682351325234
4986.713440806997
5622.222393035926
5089.54910961939
4672.130631894462
4899.452167195692
5133.304236044229
5100.0301536685965
4763.777171321243
4513.850114807641
4812.278736472776
4661.6895589091755
4852.42087190053
4687.059041581346
4500.645211326343
4416.991631142697
4651.196850024137
4570.977121909334
5214.153296039933
4418.041495045336
4713.383396452904
4540.378331945988
4775.4645434931745
4664.318417405957
5020.6047823303015
4521.135748044346
4453.647911078031
4448.094575731754
4425.232321563776
4547.844999622321
4189.807778287424
4464.761951862976
4576.803319178988
4307.736237835701
4089.19320718051
4561.747221035351
4801.335595245596
4372.675220236438
4501.4698384470385
4691.734843278676
4152.671914426733
4417.116864783705
4425.898163569017
4253.233755714197
4110.728475504287
4359.6219134998355
3660.505887199014
4098.635319352768
4073.918090139208
3837.5100151935253
4336.875694359702
3945.9884828839495
4269.959865827823
3571.090101092896
4228.505761166441
3925.4606840452425
4118.565615821668
3883.8575931578052
3754.1475926041717
3980.141588023708
3540.89627426049
3763.878269691432
3704.128936717066
3724.7677429600317
3576.163031057212
3365.9330588421103
3704.193671183658
3406.8282151131752
3537.3358055368303
3703.4152177035867
3408.893621320613
3600.2951209489943
3717.0000849663697
3538.2636891231605
3563.110552357674
3802.1983540035353
3547.5950743014923
3313.3105858324457
3114.3011712006305
3304.591752684152
3245.261446100981
3490.0953166057425
2961.128451018497
3372.503394843581
3378.0488778235326
3317.6256931173357
3265.24798106986
3406.4933842592436
3047.651137602151
3257.7009497207123
3049.880634184693
3040.0947795039297
3117.6236554641628
2993.4432846915724
3072.55516389533
2995.5120528200932
3061.618474478393
3021.0396454427496
3328.3480213356956
2965.2724821592465
3079.0633727869294
2923.522194103517
2966.579919081952
2912.0772669212965
2689.4346912128376
2926.420032972628
3030.859623826054
2836.4772246362363
2888.7431098342245
2717.420912213787
2775.6304392928114
2646.062491841934
2586.3264712668943
2592.8017020890416
2586.237508420601
2518.6264861667355
2574.047217546159
2508.7529791902125
2581.733451268799
2454.6285960528116
2509.843114898725
2493.7423959171965
2690.728298571042
2523.094100980215
2427.0229435606057
2604.5024300769346
2450.08860836079
2441.858518263737
2387.8438607638577
2272.5090307543855
2448.5769740121013
2407.0814897087057
2264.9941058992563
2428.149525097572
2392.39244867868
2402.471466355084
2388.846915547011
2114.2219729183
2268.8211564660014
2184.451955642842
2214.777438498362
2189.3009817609977
2262.0513373850154
2146.665511009386
2147.474376260266
2105.698720188062
2235.5077829686525
2208.364118231692
2017.6185296224016
2015.3512207415881
2067.4362048211183
1923.9751561246924
2013.1131345204055
1906.027745060216
1960.0064761730966
1969.5403520201417
1889.4026214520215
1866.9859437013151
1921.4948196487785
2007.8963140342903
1907.1569666478883
1845.196224055705
1809.1600003632545
1788.3564722274177
1777.7170950104912
1797.3165125168466
1772.7988080140185
1904.7422104522643
1855.7890877354068
1771.4848788084687
1824.057336510122
1834.509691511785
1726.7582141505707
1721.9267054306235
1773.4589589456639
1703.2368803230636
1793.4323603433006
1613.0333904247216
1675.5262064272672
1672.1075617536465
1621.6079695940332
1535.2859456919002
1555.3148260007538
1584.2288555958937
1499.5803503365053
1678.2842624780612
1595.4604658243081
1550.576427700792
1590.353952170682
1398.7851305703502
1520.5352687968798
1470.5912622607755
1429.2147210929725
1439.8053048976797
1399.7148802705779
1414.9630161691223
1436.1518690296293
1408.853567133533
1316.2434060876858
1334.59336082955
1358.4015304066647
1398.7286528187599
1356.9932382206332
1386.0769164419964
1354.186630044704
1322.6404520933202
1225.7363001705032
1300.1007319445034
1236.4956508341334
1301.0594893398718
1215.9872183155114
1266.1602861884364
1263.063441924296
1186.729134691297
1221.8869602727425
1142.1211556253268
1199.5671517875062
1151.799144166836
1150.9100348675681
1182.697119978086
1136.5034243887437
1135.5316793780614
1101.7044738323175
1038.633243993411
1043.5747935956454
1090.7892791971478
1076.920821079426
1051.085013175152
1059.3082807581218
1000.7348038078426
1052.7637614351777
979.0822105824221
974.2076067395151
969.6627671682558
1014.9493690830882
963.063062173477
936.9769481318934
982.7215767921213
902.6957888012599
941.7088009093454
873.0893299387586
875.7521098139493
887.2142138669692
922.7707228913036
841.4562177592965
813.7233552827846
827.8463815271114
888.2192271177232
836.6197035537779
819.3076766040741
811.6748235743429
830.1882628862961
794.6716323741433
802.5398664034112
833.5304467043461
736.1239895810527
742.8252925620296
733.8974960707044
707.4867908129285
730.2928864720474
738.7411608689107
698.7385671166969
711.7403869890519
720.8580044659825
735.5159423329878
654.4703023494275
720.2986156581586
696.6349611575673
643.267514039156
660.1683627848308
650.3050845289441
630.1162070881488
638.0580205101525
642.4237340847615
639.4966307648318
628.511927511233
596.6984018312755
615.3146315106603
600.570204767759
573.434487539145
573.3246916956123
563.6316933870412
600.6786458553102
540.7850436979436
543.19620824146
549.9521690929344
540.8134914416255
541.2366068122503
507.369083216057
511.71513736628754
498.2693451041182
502.8487264680709
492.2960177304338
503.4871419964634
503.6385982566697
466.6013369109385
467.22685585182626
458.2692940941555
477.36123050618164
454.23002674431444
451.87561614844856
462.18290530215535
444.44636628405215
441.65086521473836
428.41164903717964
412.7886108998755
423.82597351971094
426.5042969755276
410.0903660314408
405.4025880654943
399.8873372360869
397.1979085425395
380.09244388953755
393.9677533853118
389.6009819989978
369.76020575717416
363.81812841722774
360.3256051560031
354.36772710872947
357.1049207271677
338.2385228375105
331.47575352774544
334.38801763652566
330.13935070216894
334.4026682409358
336.68674982782164
327.7992948065982
325.4027496905603
311.8110061099606
313.1919562503282
307.2644114625934
300.63862568753956
300.5438279435794
288.87670827541746
296.22321689295984
288.1940740146202
286.42296463086194
281.57957654691137
266.2517602373966
265.9454365542984
280.07679798678987
268.32211190231317
265.9976986160594
264.3754056755849
260.58802169927435
253.77726533123518
248.68313231705906
237.5853641782522
254.4605498715682
252.7887811178481
242.24807409451836
239.19944668127664
231.6473591857579
231.85494789827658
227.46688464563283
222.79502970202532
223.41671031892503
215.27387179497148
219.91399038987282
212.80975082845205
213.3752608410001
204.36451427276293
204.40407688858028
203.0017136685043
203.53483018559524
195.90839129485855
193.84471598624376
194.0833442917639
191.51855840838675
189.99044448956943
184.0132840219266
185.4180183368827
181.65516372616116
181.71876384539948
177.0712991871354
175.92715288027316
178.33795309215898
176.26096479696614
171.50206302930306
167.0377497955284
166.77809979603606
158.68024387460255
166.35042472191526
161.45592175816313
157.25316256068592
159.2615544799817
157.71735150592454
158.98070785826437
149.40124244793247
151.36916051187097
151.06875032408215
151.0283594821343
145.27514861640782
143.85444477387253
141.8847196356998
141.51906740580404
141.1169049589693
140.1039338470837
139.39813256922366
138.52541092450534
131.9118559107286
136.75419911955078
133.3788033318833
127.87320475577425
127.56428634319678
128.3822187419098
125.84634351502805
122.41966221342078
124.99701045735057
125.16469654377465
121.50458362480323
124.8788376552355
120.24352146946642
119.24590243857294
116.95069369551734
118.19855852516781
116.57912399273629
117.69694954648
114.06890895795719
114.85670995950048
112.83773818335212
108.58040918516929
109.7157525093104
109.62213558447867
107.2346964861269
108.19371578490016
106.76236414242804
104.83879823887911
103.78562201391907
107.15591697631416
102.01000324818844
102.1188683192301
103.54175194341323
99.25295041766967
98.75362536846637
97.30383248538199
95.82097384900966
96.63677297478436
96.52708228786999
96.93109754095404
94.49724584602592
95.64281324323612
92.23178513904135
91.89805094168739
92.64637383988453
92.33737660015036
89.88971716928579
91.75657097671746
88.93964815046006
91.10166431183163
88.16544293150096
85.8173325167005
86.43418523548563
85.35317421000973
86.5463077031806
85.62659999630533
86.40048230695994
82.8330973344275
82.22254628603726
81.83129242842391
80.88678324801432
82.24424719599105
81.25251336863013
80.5654703772333
79.34854582268682
78.51433738825796
78.60681476492006
76.79913396436034
76.39399241758511
76.01972680594542
73.9458248299976
72.7628044661328
74.41994547886026
71.11796621801071
71.29819957559687
71.67235851984466
71.1073615224332
70.76686884140352
69.66164024990485
69.50809323213116
67.42575868495214
67.3527629152825
68.17571506260569
64.7037715984908
66.49987439410796
64.92018004664173
64.06865995499184
63.92541474034015
60.79362071712396
62.908554761541566
62.55078579847764
60.76043406327818
62.30953963107243
60.52316596353263
58.35502381605878
60.08048734155983
57.61029713664594
57.075197465109326
55.13359055794503
54.930053332666326
54.65395328287091
55.4091954598582
54.36533778490137
52.8952053891561
53.857642180367655
51.337149589244234
51.46117454403803
52.090701667489434
50.31481903546289
50.78754738632053
51.25955143353707
48.536237492917195
49.292978144995175
49.142923986222755
48.78337373475468
47.128925874820766
44.830307103970306
46.4663642721556
43.54181300589645
45.40377425264551
43.30857434960524
43.562409465547205
43.10126631765098
45.475056449032486
42.696963879418625
43.42080536740399
40.271211165821214
40.24542421981021
40.04658860961935
39.66400774687233
39.390790956456996
39.292512723751614
38.30308962401372
36.61293634569362
37.22580468276403
37.775847501977296
38.63596058436635
37.55226763980448
37.17235581108803
37.847462989616076
36.855655654804096
37.41460324885654
34.82482549189851
36.02850501911012
34.85863271001157
34.45053904616067
34.696911456847296
35.31397497843379
35.75253906885851
32.912880191104385
35.25826625178245
32.933360666967786
32.38995821774543
34.15504133854887
32.70002672503696
33.12047144316476
31.6763308181079
30.92567853042218
31.45295234676481
30.890433642056916
30.18813987594976
29.88336265719757
31.000123874749626
30.275164705092944
31.330249872353335
29.802216233240856
28.808416203399805
30.042323758725676
29.326474318098995
29.87003690733516
29.1910146595641
27.9335831836497
27.634470133354085
27.848290996319495
26.852530236989427
26.50453533982393
27.10187308886648
26.28509633793097
26.670456561387837
28.264253631302477
26.3202368425137
26.80758671094064
26.234655543080265
26.053710429734647
25.347647185846455
25.505501206313177
26.671471026853304
25.2552226159797
26.181685133360684
24.356413725686476
25.53948925702789
24.163855748399506
23.68851017860108
23.63702629390321
23.180378298796576
23.994971558641375
23.826044296934
23.732446857260864
23.05891734244913
23.331056519374076
22.63776617838174
23.12155722683529
22.216271730866925
22.555636893858217
22.70547847366512
23.108860517706677
21.63940585003639
21.566271730592256
22.855196682780658
21.523887889076555
21.2136753480028
21.132171075693563
21.86171853007428
20.42254642067818
21.37718546087427
20.527662899055393
20.577115040810416
19.199027003395766
20.48517592266907
20.71639885086553
19.344954182604145
20.0501082920564
20.792915493142573
19.43092652839564
18.98954432915305
19.9043173371476
18.70500365023065
18.51199693405744
18.67242172164643
18.218225113433903
18.276930724182055
18.369089970594864
17.837995234272558
19.115899964880917
16.971080431581928
17.789577042569068
18.095003046615386
17.89563498768608
18.136806937064225
17.27633781454138
17.901662947275117
16.841636525714854
17.033592472402848
16.250720195996223
17.051650550180685
16.582794322762012
15.909282675390914
15.994501547913346
16.767545479173453
15.900990091897633
16.041044243590445
15.455384046122107
16.21610015004254
15.909791380636264
16.022760944061936
15.270200816333276
15.763871197758391
16.20025245978437
15.540691965448364
15.311990271404296
14.543752531957768
14.790702563990354
14.757473098381604
14.683037070512215
14.717320855828143
14.702238876740918
15.134691954938308
14.646031808063892
14.470885923574286
14.782356557385388
14.009807063667346
14.003808683245685
14.212895851035901
14.195348917000407
14.13165995381677
13.972406044694965
13.899568934453022
13.204500805005447
13.309707991438964
13.901727695202844
13.606161499226413
13.003235511657104
12.581285729607242
12.614190685037965
13.151159855739367
13.126210343739437
12.546456868480066
12.895596594223937
12.69354061087284
12.808374123687472
12.536072959794947
12.364890652440879
12.480636443297298
12.372946348783508
12.524855135603763
12.517399527791458
11.946268356188849
12.105621117913216
11.76635786193242
11.848419641436552
12.251068157432469
11.580167889844123
11.737746702674709
11.888967655146624
11.365683891710143
11.029420882518798
11.384698715901063
10.837874020972869
11.3090974117912
10.781694454557563
11.080877751169155
10.780934980547972
10.666890029248831
10.787363600667538
10.696643940824584
10.772108779568157
10.828168162163372
10.172316846756896
10.047329396751243
10.82275785279269
10.751431751484553
10.262959285868124
10.224501190740206
9.697858579888997
9.684345133494736
10.048365719733582
9.78328576789057
9.761413027340929
9.76417131092628
9.313172420694778
9.534480427724889
9.41470638670178
9.41771228218955
9.214721723615362
9.114822927071845
9.24717407745956
9.737819097157725
9.329360043482252
9.407436315222531
9.587447806940869
9.212812337371375
9.179815110942963
9.291756253990998
8.561316225569009
9.073160803140947
8.736827561979815
8.678516526136534
8.42056060391441
8.766014471802679
8.653590093038458
8.812589319873185
8.557717489217145
8.3327800915098
8.012929995812947
8.353819095756034
8.72651147133966
8.475973503360756
8.054387522207547
8.73562044146443
8.560307196508834
8.073645410455732
7.768139334214684
8.199154814884597
7.737079291153669
7.6878175009699
8.098567584386819
7.934688720415539
7.646034150741778
7.706432173173844
7.589473522322941
7.58823859100114
7.420707973067629
7.5312194693362695
7.6275117156195575
7.362393609824719
7.1782304171450955
7.018013944751566
7.30314353365322
7.094859557088437
6.879363890053741
7.500287898333571
7.49399546308114
7.2663301216286795
7.277485728296399
6.771703597307927
7.228442461227246
7.131880594952749
7.133676799905777
6.5859547212765035
6.988285566738614
7.036306210954307
6.532680274226636
6.609029959723151
6.760288760881508
6.67639502745324
6.6083786257268
6.3926343293158325
6.493083394567405
6.561493718052424
6.426506572202115
6.764561631305893
6.2406431298435185
6.472818188310071
6.027834565824405
5.925976575011514
6.001157551870879
6.1242846813395975
6.153277198502959
5.78585828467146
5.904642462794758
6.142493018667721
5.95564410285249
5.769120147259273
5.764589646499691
5.8500685037013
5.667447069731956
5.822116032152583
5.718519087810233
5.835961021625402
5.652114289625578
5.535532370720197
5.480065664842452
5.499717710611861
5.429386948471361
5.344891141790289
5.60444272062644
5.443839632356637
5.25917109117005
5.3489438452653895
5.042520899082933
5.019877543960428
5.212681437509922
5.182479804230252
4.968839243278724
5.135921432646097
5.021924485167603
5.02765509256415
5.043822375571676
4.946018270369008
5.056295185748838
4.922298120001028
4.981726526504559
5.056482661752888
4.818725580383003
4.712129397277355
4.938027699275461
4.738304737678949
4.429016289581892
4.62643184933448
4.7103592426309735
4.54652243188377
4.620935375302346
4.44385359205822
4.406573736706836
4.496510983090493
4.4498108399104925
4.667207496841034
4.6116149376685485
4.279851033681299
4.360322674948842
4.29258319994807
4.5446499979465464
4.417900808472111
4.197075124221199
4.163660714006192
4.28833755688504
4.2474088769733065
4.3467835104605586
4.073476351808232
4.070998549164712
4.427032582608296
4.102417667606026
3.910730742114649
4.080494058760045
4.057353392229944
4.149087177187766
4.119298185364695
3.845085269466058
3.8607712211130534
4.030451821443651
3.871790269993047
3.795322212783747
3.8054014170375976
3.825312745370304
3.8333328080461744
3.736544184258843
3.719240562490284
3.760152015407172
3.577784902171005
3.8590884475488685
3.5620452994737186
3.664658426086196
3.4720390288922376
3.52463371119351
3.475614999194083
3.3998856983143537
3.366506964775194
3.4575945881259256
3.4210622892826006
3.4728771901299362
3.2771594387754046
3.2903467132756483
3.2759494555980995
3.2532021892272223
3.3173533065394274
3.296042741444589
3.2223039796015254
3.1790779463773937
3.140241564900114
3.353001365518131
3.1502112102189175
3.289775588920858
3.1233775913736768
3.118278802121057
3.0017736177951364
3.079407579645215
2.9806072446607006
3.1625640194019025
2.992392092182071
2.9287192246284013
2.977235010384761
2.9142776598430746
2.960343036925254
2.9262513070107694
2.8410461349517795
2.7918475057106247
2.811057133326557
2.8638390153348374
2.813929942817758
2.7360241697000647
2.756981353063637
2.8515413918055743
2.6775018416663783
2.7631441447416747
2.7297619283236454
2.653092086928029
2.7377040822288325
2.6410279479081646
2.7823146147257902
2.6222311568997574
2.6419199556181576
2.5627483605932495
2.5248981481226673
2.5400945335213017
2.5567571706418195
2.493177762272394
2.5003125153452395
2.5688141912725126
2.5252824486138605
2.5431977274138355
2.3968853822561016
2.4819742598693235
2.4250881146624224
2.3936726823610335
2.3023502288681805
2.3694673548543608
2.3973253691837346
2.2609053163116255
2.4991498859545622
2.339837345063755
2.288635700725363
2.355930329622129
2.260921988695567
2.232678207427547
2.2516502417449766
2.2201460717093364
2.206963668924777
2.184474746903617
2.2278013267298378
2.0999337064010697
2.287347840387343
2.136767612769729
2.169659226524372
2.194834630638019
2.1582041841264252
2.1036024874806705
2.12709963862308
2.073698923205621
2.167811808868245
2.1067610535844326
2.092809108548348
2.1289781524800535
2.1315951935150648
1.9999699592869202
2.089641214476044
1.9514017050048897
2.0501089138628363
2.0908843225164957
2.0424263849670234
2.037352012674783
2.033651896759279
2.0659855540081913
1.9702828469684153
2.060021187419399
