4630.719244122707
4603.656141039955
4892.870158176579
4486.037064434486
4483.460731728719
4482.233323303461
4637.206586863243
4756.218920527148
4708.88163744313
4732.1028542838085
4558.001312785111
4667.643472659098
4629.173057931541
4466.904556904317
4489.126000662646
4417.993041410636
4466.553368450584
4435.413961823324
4337.735535965935
4529.03008592256
4396.828326669537
4384.794626141984
4282.857054457451
4273.154344831558
4270.809613746599
4254.855644280848
4162.149307285438
4154.559841220926
4222.491291864387
4174.265916335862
4181.222114785602
4102.8148117055325
3959.4814940011574
3997.0130440916705
4142.341570145007
3835.9189900591687
3991.654726326016
3893.7052771150775
3813.5711150371194
3908.880365941843
3932.1452082498186
3797.239867516461
3861.2195309642775
3657.5797310072658
3838.5861350639725
3700.606459618136
3752.114158223727
3669.454577247142
3651.9102291190147
3662.2600545669393
3605.327970929061
3526.0716467726497
3674.536053787367
3588.3651923160246
3487.619735387752
3526.7161679380047
3350.1985217645783
3457.038489810411
3438.735080135148
3408.976234622442
3372.120685578622
3397.9754363740376
3359.70270938084
3344.8270447957443
3297.571097101082
3188.599200236216
3304.6638200037664
3192.5598201107314
3197.0791224688624
3225.776905445845
3091.653609895183
3201.077131547723
3154.134994602203
3188.190617533749
3061.061038836082
3030.134753665529
2970.8386228328177
3026.7267556946736
2991.334613060954
3009.0385204787317
3041.16391524418
2926.8055169618324
3018.744876262024
2980.118461144828
2873.376742423222
2927.942749515227
2855.7482649281374
2874.717974031138
2853.401848846971
2847.1789104800228
2872.062305733
2843.522644247824
2754.310272906592
2797.8271809784846
2743.4137679252012
2724.6927648390265
2671.5202088787078
2665.9017919047765
2646.62126310933
2604.8508636842366
2643.3513392075874
2613.9530403709773
2664.8802069834737
2588.1766041204155
2556.373569891546
2666.185322557708
2473.3974450078167
2502.8490772602154
2513.6217475056706
2438.1744246986173
2527.5330341926074
2385.5221053366336
2437.3513291671775
2449.7284182171993
2474.8607958815737
2395.1110970186737
2413.232155620992
2339.3472459261907
2325.4916111812677
2293.3173244156637
2314.50156734563
2302.911329395165
2232.367093706101
2244.932345443824
2231.272865824078
2267.238750708563
2265.808234726719
2163.3485411814654
2175.4294716020277
2149.744675837247
2168.2344463171485
2149.6447412790435
2112.667326821341
2118.935856267923
2143.176778203997
2104.996409452258
2041.3374425581055
2044.9561163995272
2067.7787268493184
2045.0519908996391
1990.753120725508
2012.9846186961297
1958.1599042576338
1952.023720928252
1961.2852781784404
1951.6213132725375
1961.979072311173
1901.924239405372
1878.3213329612477
1896.6807320432315
1870.4103022798329
1789.4601386905626
1796.0675066232607
1825.1479724457208
1766.5842597541516
1790.4236868699213
1770.1577668465516
1753.6561719589122
1760.8138093253679
1749.792200066553
1743.3561582936338
1693.014349723898
1666.5970338786306
1654.9843206326334
1643.7985370082647
1630.5016455214043
1612.4507526656112
1613.0589276259689
1573.1703199781539
1594.8185440601449
1557.8141938706244
1552.476300004564
1556.4671870047407
1564.847969290004
1517.9884737147165
1450.088321148255
1483.4800247284024
1505.8858605276334
1462.9885839116644
1453.760650320691
1445.1592739200112
1442.345782539987
1393.6900473203948
1405.686247753165
1388.2719516081058
1378.9616184510169
1351.2622814583005
1355.7080743377035
1345.2935920748955
1319.736010621158
1328.7319132091923
1279.7324330569986
1284.276525112943
1320.2455657327057
1271.1364399797192
1274.940075150498
1260.0757216959612
1237.0324117264713
1205.4416315732187
1225.4406687115525
1198.7707408791782
1180.3762208812925
1175.0719944674045
1158.0939439849421
1150.2390511507535
1161.7979110127533
1145.3791196875134
1114.9806895538345
1111.8323766746294
1110.0142519601413
1092.72767016936
1064.3869624205463
1069.28671245017
1075.226845489794
1060.2954905364704
1043.0798317947254
1008.6580226637882
1006.3559602310329
1015.4850438015267
1021.7779941588369
983.6461965469734
991.8740681978494
985.9045460676858
960.3647949612332
936.2680196986161
944.7090110805925
939.575932344518
915.8898118390844
915.7433758308233
895.918436192699
894.5217060864646
893.5707274873562
863.1756508766666
858.6517531187139
845.0215338782318
828.9679525203532
827.2068791570574
836.4842736537647
808.0117908969978
800.2678645479898
798.6439463092444
793.5851764314847
779.9522568330523
776.5074180954585
767.6648627263729
749.1198124532932
753.2812787827777
737.287518343021
741.7296396732195
735.9397350274583
707.0709883021175
708.5136530846842
692.3673417384905
698.2595823275042
688.0278736763477
676.0582914692059
673.6934423175845
660.8153726605275
652.1618666140369
643.6644215763636
646.7263655683911
620.702566838878
631.0365073554635
619.8479397061002
616.2044825289139
603.3687849724179
605.5355743472829
590.5119898882738
590.5681200501326
577.2851948657868
564.3731254495112
560.7325199818549
557.8575662932561
549.9816777689223
538.9324982969663
536.1958694410623
521.9365957053818
522.507014291411
518.5375966989245
514.0825809928788
500.37856857431086
503.9374531161121
489.28573061739
486.5440335465399
484.2513975692313
476.44771929433006
462.3648828592139
464.13214518972006
461.8472065961555
450.2873844838255
441.0509839144372
437.5670942208995
430.3024426465738
434.59473577716125
424.90110582552364
421.12395379067186
409.02100931173624
412.62613991993885
399.2141380827488
394.17718917374407
395.9361621857069
384.43538949224387
378.9705341024375
380.5420545203459
375.2555673789544
367.86288563324734
360.4594881580569
352.4521336783931
355.439959690957
349.48256618003825
342.9670900979632
339.1652055316765
333.50129032335275
329.6375396963635
328.8760743333832
322.42943934471106
317.7966679268688
309.87568070237916
309.91183865564795
307.30311580106644
304.60310072282493
293.44410521624354
288.4067729744377
287.0050154467299
284.80189719627776
277.13379086064265
273.78208022879784
270.86699168647937
266.60164154760145
262.45172610290723
259.16057189728957
254.72426793386896
246.90823862259666
245.83305837200882
238.25831349522363
236.78131101902363
232.02393317154116
228.77074893543914
225.04174834302398
220.5437986905347
217.76250567143913
214.4766584249265
205.9480386400688
207.2449184660976
200.04662920264175
198.99535597815927
196.45422317349812
186.98938411338975
186.87751883799783
179.1073366535157
175.32987212048567
172.10486299496742
176.82341908813459
168.42048744770506
165.5673727940458
160.61423525604772
159.79131655823937
154.67909253984786
150.29548647085906
146.3813762264228
144.60318667413682
141.44737881428878
141.61985197302806
135.6615513629449
134.2153991480545
132.05982372634094
126.82245841103249
125.96124881482491
121.04086129727014
121.62888640249082
120.02799392057538
116.28219982230904
113.3790940440519
111.02601463462025
110.76112142334797
106.45788074601393
104.28722592304554
102.6482470007077
102.46980340341294
102.6970176107104
95.65599531300015
95.011595984249
95.50987677614656
90.68791106296902
91.33975510176317
91.37062605342791
87.12440630900085
87.63753909137213
84.37913810314315
84.57837173036408
82.36369361951556
80.32573000941932
79.25749531463615
77.90704463478328
76.42191227766678
75.33682678716646
72.9221622579375
73.0216111205906
73.366168835023
71.19256390990215
69.30373968056581
68.03985718108939
66.64591967210069
66.38777566509066
64.49793775660565
63.96258864501546
62.42026798266755
61.79974812482971
62.70904511952157
60.701608627357174
60.63207906623505
58.15576731159538
58.19683225373565
56.664080073373654
54.75028722679396
55.96056232575378
54.10503489917636
53.933401168228656
53.44725628648658
51.77976772423805
51.482031256855365
49.86123019928613
49.82859916928444
48.51226602993578
48.31089729628429
47.43162649628259
46.4538345887101
46.564010779964754
45.79809011294155
45.47343327050392
44.49562490010943
43.262085072960396
42.955732776590565
42.59722131872568
42.56064861634983
40.81586542498225
