4339.575106985497
4762.954405821402
4920.356979368063
5069.521086320248
4443.270241301698
4643.830142021851
4425.951534616019
4439.982038836893
4768.8663425566165
4181.484489456043
4169.362962510359
4547.522626667352
4594.252293962499
4442.107982661371
4680.096961728655
4541.479936039282
4955.82166714688
4770.412353346269
4512.940272755355
4647.624757250654
4523.068447206568
4554.413167909015
4882.261257905626
4316.053405637402
4728.476427941975
4506.346878603534
4464.49732116841
4352.8717846887
4517.9477797745085
4732.526583989176
3997.3007273842877
4456.958945240131
4289.709424691685
4147.974061759096
3995.88952533969
4316.10783927425
4397.386629000486
4227.415969109166
4354.396052903241
3605.7301739967165
4236.430762057424
4001.164371750443
4043.367355988528
4187.840534596273
3982.023234507818
3856.3342035328783
4529.714106899703
4056.072562275942
4412.114788380626
4201.892019111192
4109.188556972604
3910.275685623891
3992.862990070825
3873.296241025377
3858.0597125509803
3935.577825984062
3891.3679321796867
4172.335077075351
4039.002168276512
4190.087150401265
3798.12493454185
3647.1746768438416
3785.7542979948093
3682.0574817385454
3535.2175632191697
4192.32422277928
4077.250129213319
3625.5612189081485
3900.9424051019405
4064.00736861638
3678.481674657872
3856.42087306211
3701.082924434715
3353.694742753498
3500.640859893927
3244.4016222947707
3552.7880966000534
3752.2435791940256
3678.390360900422
3425.632720508277
3495.0407042241154
3412.4631177032998
3453.8741628507596
3171.0478679528446
3299.5798795619244
3409.2909190867827
3391.3236245247977
3116.5606545670184
3394.1950717598465
3178.7100031856066
3361.1860604807543
3687.831522557311
3044.2507971341834
3322.5826112647396
3213.8593700879287
3058.49824475933
3237.760342177577
3291.5596583350666
3212.4525123101757
3263.600680292744
2918.7703906323673
