15049.353515625
7599.580078125
5230.417317708333
3760.80224609375
3058.88515625
2553.19189453125
2129.7625558035716
1909.35546875
1672.6473524305557
1516.41279296875
1385.4702592329545
1277.117919921875
1151.7536057692307
1080.572265625
1014.7358723958333
953.7047119140625
882.9534696691177
844.40283203125
795.1944387335526
751.32998046875
717.8277994791666
685.3565784801136
655.9011124320652
634.3231608072916
590.18484375
589.0850360576923
552.4992042824074
535.3285435267857
502.90591325431035
500.2016276041667
484.7007308467742
468.747802734375
443.312470407197
437.3497529871324
431.68102678571427
414.44203016493054
401.82395481418916
398.5620374177632
386.51988181089746
367.439453125
369.0304163490854
358.3320545014881
343.9860555959302
337.50563742897725
326.07964409722223
322.04135529891306
322.899102393617
303.68853759765625
306.859375
294.26126953125
293.0795419730392
274.4113581730769
281.435546875
271.4841579861111
264.5825994318182
259.48374720982144
255.46480948464912
250.064453125
252.4286281779661
239.41565755208333
240.10335553278688
238.5511435231855
235.21085999503967
224.05477905273438
224.58302283653848
221.36283735795453
214.79235657649255
212.74942555147058
212.27590013586956
209.12885044642857
205.89187665052816
205.14408365885416
203.50862853167808
197.64661634290542
190.60302083333335
187.32973118832237
188.07586749188312
188.56358924278845
178.9131230221519
178.10849609375
179.70730854552468
175.4993330792683
175.40828548569277
170.3749534970238
169.19549632352943
165.67405523255815
163.4404409123563
162.89406516335228
163.50576062148878
156.60707465277778
157.06813401442307
153.78292713994566
153.13783182123655
149.61332280585106
149.00548930921053
149.220947265625
147.39598099226805
143.67970742984693
142.734375
142.988076171875
140.04204053217822
139.78370098039215
137.23439396237865
137.14958308293268
134.73295200892858
134.02844929245282
132.5348276869159
130.27483904803242
129.22233371559633
128.8962801846591
126.70111028997748
123.32374790736607
121.88005565542035
124.31208881578948
122.7128226902174
120.74252424568965
122.2895966880342
117.81074549788136
119.4020319065126
116.7111328125
117.6127808626033
114.2886462602459
114.03233771595528
114.50187436995968
109.1165546875
112.64481026785714
108.95043368602362
106.97181701660156
106.99400436046511
104.88543419471154
106.83969465648855
104.28383197206439
103.95643650140977
100.93440269356343
103.17630208333334
100.20834530101104
99.80088104470804
101.8627151268116
98.47607773156474
98.17564871651786
94.76479388297872
95.73504896566901
96.31066296984265
93.39238823784723
95.62964709051724
94.96466315282534
93.14671024659864
93.82157279349663
89.90109846895973
91.88262369791667
87.36345586713576
88.29925858347039
88.4999489379085
86.84591238839286
88.08156502016129
85.70525966546474
84.79176204219745
85.99331858188292
83.71295204402516
84.65997314453125
85.15884001358695
81.54747178819444
83.37891823236197
80.80393721417683
81.6319247159091
79.00149425828313
78.85248643338323
80.89305478050595
79.14000670303254
78.12648207720588
78.58303636695906
76.38093318495639
77.53796175036128
75.7536480783046
74.25600446428571
74.5722822709517
75.24923309498588
73.21247366573034
72.84164957227654
72.53590494791666
72.0361705801105
70.82183636675825
70.53772306181693
69.37077530570652
70.871875
70.93054855510752
69.77496239973262
69.43544298537235
68.57490596064815
68.44836040296053
68.15436845549738
66.17825826009114
65.46001659650258
66.37395296391753
67.00479266826923
64.68423648756378
66.27968353426395
64.69558869949495
63.6375039258794
63.1106201171875
64.5068456545398
62.506710241336634
62.263662253694584
63.35245289522059
62.638805259146345
61.70369387135922
60.703323143115945
60.88917893629808
59.29819265849282
59.1022228422619
58.82308482671801
58.32572505159198
58.28661880134977
58.51698488609813
58.48454305959302
58.334391276041664
57.689588133640555
56.26420943233945
58.293316566780824
55.812357954545455
56.12796061934389
56.00483002533784
55.98312254764574
54.53995622907366
54.06622829861111
54.62513395326327
53.85874690253304
53.87119654605263
52.68171738537118
52.845889945652175
54.04668053300866
52.66299754175647
51.879765457349784
51.50242888621795
51.01840508643617
51.284096927966104
51.84524162710971
50.66697577468487
49.88720090219665
49.7471435546875
50.246648891338175
49.79831563145661
49.464670942644034
48.738273245389344
48.51003667091837
48.26953125
49.32122580339069
47.099467615927416
47.69616748242972
47.554671875
46.84281623505976
46.35889446924603
45.548164216897234
45.32449941560039
45.711182598039215
45.74122619628906
46.17228158438716
44.49791818071706
44.43629343629344
45.69309645432692
43.93964768917625
44.25506172471374
43.93032616444867
42.814453125
42.73497936320755
43.10875455239662
43.88307584269663
43.45263671875
42.200558346886616
42.27116247106481
42.59658239160517
42.11739573759191
42.46183894230769
41.38271270529197
41.51129616477273
41.71450407608695
41.4082383799639
40.86125435589029
41.35974602374552
39.460784040178574
39.371350923042705
39.27647107712766
39.039635324646646
38.95401903609155
39.11310649671053
38.31335022399475
38.50722724303136
38.01361762152778
38.23376000216263
37.565264682112065
38.04155927835052
37.112164223030824
36.75949232081911
37.520869871386054
36.76246358580509
36.482131545608105
36.143344249789564
36.05441222734899
35.51632067830268
35.80103515625
36.32468594269103
35.21795775558775
35.46798615408416
36.07956414473684
34.652209272540986
35.07944304023693
34.46130649429968
34.27547623275162
34.308764411407765
33.0795173891129
33.63678783159164
33.18483323317308
33.20593612719649
33.49541575437898
33.46775793650794
32.97371934335443
33.18718577484227
32.775544172562896
32.27785805250784
31.8789794921875
32.03358036409657
32.20210901106366
31.496012117840557
30.917637201003085
30.450126201923077
30.486172354294478
30.172723146024463
30.60401581554878
30.984814304711247
31.040465198863636
30.691887155400302
30.17062782379518
29.728838213213212
29.583387911676645
29.163998367537314
29.060436430431547
28.47873296086795
29.349548700998522
28.918812799594395
29.075436580882354
28.464162160923753
28.285082008406434
28.39328421100583
27.878937477289245
27.98248980978261
27.65969054822977
26.767364238112393
26.86175186332615
26.736759043696274
26.458724888392858
26.657657808048434
26.120777476917613
25.87575801168555
25.950912561793785
26.367270026408452
25.509162131320224
25.45461856617647
24.812467266061454
25.03509096448468
24.834122721354166
24.594399238227147
24.759638833736187
24.943117252066116
24.672221089457416
24.2421901755137
24.349564015539617
23.659725178814714
23.706787109375
23.590711805555557
23.27823849239865
23.009470813679247
23.319839969758064
22.71514745308311
22.667315967580215
22.5200859375
22.10973861369681
21.756545818136605
22.21312572337963
22.3294210710752
21.842513877467105
21.666594898293962
21.363262076652486
21.26053310623368
20.952479044596355
21.31822747564935
20.597878886010363
20.743681363049095
20.556011396585053
20.728565833868895
20.720545372596153
20.34090523097826
20.184965172592474
20.3836896668257
19.83197052466688
19.408922567246837
19.983649976325758
19.57778185020466
19.6857272200848
19.528746181860903
19.05562255859375
18.972831592892767
18.612502672185947
19.006685697115383
18.79672875734839
18.991617235725307
18.58943724984606
18.272403351504913
17.809584673713236
18.314658465770172
18.196458174542684
18.027268903968977
17.850136766155945
17.43609781703995
17.591790977883456
17.612243505271085
17.38531494140625
16.719783938474222
17.00994785436603
17.082751435710023
16.79354306175595
16.738537568660927
16.804189962233412
16.49369159094267
16.70829110775354
16.395646829044118
16.297796544894368
16.10894275102459
16.081223532418225
16.019029310533217
15.836643804505814
15.604252012035962
15.958602340133101
15.53566821232679
15.741953485023041
15.762529184626437
15.176565187786696
