5629.186008627902
5394.61597922357
6356.101953609875
5944.066275479323
5755.044246312108
6198.727205994288
5550.268380954168
5011.298730535086
4843.632903720496
5554.363432722623
5444.803748424078
4807.587663744879
4893.899009504102
5034.699776091422
4571.476862446444
4700.793538241711
4810.754771683227
4170.811557274472
4547.811084183547
4209.980199032298
4909.186108919236
4324.03988728486
4891.035041300087
4650.437531085685
4465.018092289439
4831.803733429902
3981.2244277076993
4479.114011627032
4071.318238249415
4460.691543283761
4618.700765657037
4607.521576001629
4249.358247952073
4131.996726449357
4505.8515342116625
4357.6276055273665
3879.3623827733286
4621.442967677839
3781.42234354857
4026.5864474654663
4020.150830535661
4326.202333376984
4242.945285889044
4120.274255347068
4298.7257714932475
4082.6090217548626
4033.9422249455597
3731.04203002039
3873.0404217324353
3985.0006584395646
3883.3407068319702
4070.89264086861
3696.8572172031973
3922.3442565693704
3847.7057531201426
3850.0357837897864
3930.4419512732165
3586.205384650641
3600.8939469630964
3600.689649327009
4130.116120951435
3947.9729352771355
3854.5871106288537
3631.525330956974
3840.5343715937056
3576.058661108474
3732.755269996463
3497.915786100767
3388.38424630212
3343.1087262194824
3535.7318658463564
3537.9090318116287
3308.0454493131315
3717.9913694217057
3626.757927672908
3588.335924276901
3261.493715583557
3390.4797787597668
3358.1020118532406
3530.9771250760054
3259.7455312323964
3384.346411576743
3579.7349107888144
3102.9393075478297
3274.4871381243474
3244.5758776241746
3210.525382049363
3433.1037754756003
3433.2886021443055
3140.059970980381
3106.2061842536386
3190.5040665698507
3194.804662574837
3002.8176429335126
3185.3793004541953
3515.8285194613436
3071.918872783622
2859.342526509089
2921.5491225011388
3017.6363032196195
3274.514384309397
