4479.3579505988155
4965.771981582139
4496.583836699128
4908.036191441628
4324.638192373898
4895.652239939691
4644.962557121747
4505.117484881306
4565.578969002443
4592.67276221794
4674.958346316747
4149.007088222987
4008.4352513802355
4346.857345146254
4177.809385571002
4612.652336708798
4363.666665152729
4409.147206316409
4416.472300049875
4625.654112082496
4557.620206626215
4392.711708355994
4572.522610566423
4250.330570319992
4052.7334151622367
4019.7334393480446
4470.922697377354
4344.768904665716
4075.059986818681
3963.5353641691463
4274.621529557827
3992.5587979407455
4440.862793982525
4137.025079593431
4060.7538610479014
4220.354543737465
3773.9244933874975
4252.471221338301
4010.1072001994607
4027.3182947753053
4168.396961666444
4396.343488067485
4023.0354746849857
3748.4582202737934
3995.5616354251683
3747.708829456104
3665.317976543329
3647.717453944629
3924.663080122994
3751.388254975586
3613.9252968904157
3688.386268156187
3945.941135616401
3710.41926856147
3958.5444789437806
3806.215306309051
3661.8942803787227
3536.9235732000916
3713.9857989868124
3683.142387139046
4037.923250160491
4106.946634901344
3509.3633347034624
3585.3300190106957
3609.473254750758
3656.157225473566
3733.460546624552
3278.2924410227315
3464.202472809545
3392.8678473785094
3356.559418212515
3275.1641486414046
3326.7101175808584
3476.79853278318
3329.3890881650755
3229.083014156429
3313.989697850552
3016.969662778618
3216.3726195885893
3391.390570915471
3181.0202559987347
3384.7953733593927
3340.0916960664504
3260.8280182546646
3158.8675957541122
2957.7506099140246
3336.724463672989
3050.2102779993816
3031.7662447280345
2991.2991124260507
2901.689095795536
3087.758305707968
2946.093121327015
2968.5052323379
3004.9696494920977
2909.4161647083038
2987.3771583729017
3002.3031692112404
2864.862520049995
2789.0481152399093
2966.358575743565
2980.7764695241844
2532.0942074992263
2857.3527674043266
2729.9275688518164
2767.919310716741
2599.837320362049
2936.5140276163834
2623.271941349709
2550.7608037528994
2697.0357397413145
2678.555274247264
2711.144503638111
2842.6676847904196
2580.726792948719
2605.821087381216
2558.194110190097
2620.2577066527147
2696.2199063009475
2547.791628329475
2462.0697399884775
2524.755841823841
2546.1278386682015
2488.582343009991
2395.768157087678
2642.610525649427
2686.5326340759248
2344.6171679139234
2298.206547459397
2412.7300679795226
2168.0203422316818
2203.6975270724765
2488.433493081574
2277.2034562693566
2108.753015647965
2369.5906911553616
2288.0939272638807
2222.8935269136014
2405.6355535473717
2225.8505731950468
2150.938474486619
2265.234811332616
2256.2283823888656
2262.609588858713
2115.3771578968986
2181.03247768422
2099.669085748903
2247.9240206392064
2114.829946600199
2148.2684282679597
2079.9581331115564
2010.0773311386238
1951.0159107208078
2016.1719702519563
2122.1461398061892
2059.655402615748
2031.3612336165706
2120.92034240959
1984.0864839925227
1907.989234358442
1788.8365173753716
2023.7138790058025
2070.949133500516
1869.7270340341481
2030.2261899261919
1881.1931609247695
1746.7463093991653
1722.0174600661803
1844.966690634257
1834.2635694749472
1844.0417665105035
1837.9432468173177
1801.659473086381
1744.6471512161474
1774.589865932174
1685.2707157791647
1804.2224761065554
1749.6097776324793
1730.316178988823
1608.3085733503262
1720.4771871219873
1605.1916379176062
1726.8188291443776
1592.1313569192953
1581.9571196690904
1561.9092138933254
1518.4683277338897
1545.474521299932
1551.87762402387
1535.6227482988756
1556.6525115799004
1450.3327304835798
1510.194840023557
1508.2924489673285
1541.6939597728613
1500.0314300748194
1428.3833728705283
1373.739258894357
1541.3656440083005
1359.1911600134108
1412.3613598035404
1382.738722443932
1358.841686133487
1294.9049658411343
1354.4638996667693
1341.5110272179434
1359.7336644586217
1284.3834857430104
1365.4762254404204
1322.077573022352
1251.6508214641456
1289.9547029125379
1223.89034571356
1190.5498340947188
1264.2565837276177
1201.956397540763
1216.9373165538495
1235.1432827360106
1211.9479399754227
1209.4387746667062
1151.8363548032098
1132.4468562974014
1114.5350784667953
1195.4780663191202
1108.2838815056293
1058.6667633240847
1101.4418961422234
1013.0202950672856
1068.6539115082028
1072.2551818588504
1075.4553941396666
1008.1153369099039
1039.9093233552278
1034.8064169496686
1006.9666844003674
978.5761325902728
942.1087228517425
976.3031476487017
958.6997523500303
984.4974343724053
944.0036307168341
933.9756624563173
905.6817975486082
925.6000512759022
945.2327954991354
906.4163046537263
909.258640145445
815.20692354894
863.1071315671971
853.4256346180572
826.7374169616699
857.9490982117899
847.2854911494446
846.693881877392
820.7044218987267
813.0189218484246
778.7368850018541
798.9576389923099
764.4656933948742
768.3641960150928
769.2746408342633
726.1634970947752
724.9868997241011
740.1392628934055
681.3717686086799
736.5149751649276
713.724361787788
700.1181760506406
667.4181801290548
643.629170781094
660.6836779261654
622.3064324595016
698.6515304001946
647.2074579948252
620.3643665438071
645.348182337519
654.5488053983826
622.0690385213086
599.8152390618205
589.9734209949124
596.8777110969213
608.5676832594763
603.8819575172856
571.9788285061614
582.6312576720843
547.7594074986413
563.2353710861178
555.6654761563971
552.4488953649154
551.9900637371709
533.6649887366252
521.6407487117808
494.85370189112024
499.5470762659533
524.280276263922
506.14141999908486
488.5957209251348
478.09778293927525
500.0702487917803
476.0837944833522
487.9767114871923
453.49888557575406
454.717430766822
444.0217379722539
444.02169799734486
460.62993830443475
441.2698499451211
422.34530419475135
441.0126707205458
431.5356282416198
412.55426085443474
394.29598925721416
395.2045574009103
392.40701017093494
370.15686169343826
383.57440100535905
397.68360955684614
367.2721001310513
349.87076457885905
357.1802971095271
371.0485626369254
358.55595488156575
357.34140863719966
346.89950558650185
351.2051365269527
341.62915625675447
337.29604507144523
330.01536831387784
326.87109143066317
332.6712916075475
313.9330583347707
324.495333155954
312.48817929280034
306.3961132692581
297.67132745034803
297.3536901366408
293.61207245252933
283.4338637317061
291.90306538676884
279.7115092522182
276.76009524947534
283.43377074828174
265.7800064720776
272.2897283793323
263.80589754599174
263.54471056969743
266.77454717245536
254.82186679678642
257.9375052262041
254.19620283920523
243.90852979953237
252.11535607343492
237.93959384366724
236.25332820098737
234.04006386987163
235.7685432803858
230.63321543193427
230.58061293745135
224.1971263940958
218.3520488532841
213.13266221451576
216.2591649920117
212.27457686923398
216.01284384792936
206.81735150537943
201.4782383795095
202.3090962288712
203.2514281422788
191.49536035495822
196.54552627550004
188.2517003651476
192.21644837380666
192.08546115626814
184.81565323266432
186.81928812448572
176.83021529292446
182.69986354340952
177.06587294786942
177.87636488163992
178.5509982435144
180.63682235136346
171.56983141743495
166.58906555077587
165.93764072088535
162.75876976244
165.87953933209815
160.8072876496228
157.28673988805969
157.82695929679957
152.2427823037082
153.1537552749902
152.52519046930308
151.68164882658292
149.30110888855495
145.66143825892306
148.44721782859625
143.5462289980491
144.80265805972908
141.49444992580948
138.62643850064336
139.44642808975115
138.2971748619791
135.29752457612523
135.24979430591378
133.30154971637506
133.62135359720904
127.70165564495728
129.76852015079385
125.67676173581584
125.43777515677263
127.83057805340162
122.24455599564766
122.66465104376019
120.41839686729394
121.22900630236687
119.40307778580014
114.17282540113585
118.59184115230582
117.0266268699875
114.25962604186036
114.55388761436916
113.01005093160033
108.65829658685476
109.67937422854128
108.1862526598094
105.527792467731
107.30170639358141
105.17506563783475
105.8914398790046
104.1440353705173
104.93561959383952
100.88079847692559
100.06594073466479
97.90695236354324
99.05908924859592
99.3766386046516
95.9722885225558
95.39441886420894
95.5621568681282
93.20422341949477
90.31195241264622
89.83103133109879
88.84563225892369
86.03393973658804
85.04477442298808
86.92768439929098
85.04399308645449
84.92540461134777
85.1098068047838
80.30618739021168
80.08270419320557
79.78242551684122
79.35027842518308
78.54503706233005
76.33213250850045
79.02363450127145
74.57815225970444
74.34366445713039
75.07141503294604
74.4962586846904
72.27436591569275
73.59685310050685
72.91729461358874
69.8386404231097
73.26727025283769
71.50834592512673
67.97545326987861
67.82139063972271
69.28843938681123
67.02546659030212
66.49939768578311
64.92051580328746
62.22316894925426
64.01399439291691
63.52198004892791
61.63621541385235
61.185996367895825
61.70350304868526
60.1504846411366
60.932309661885654
58.3175790279104
58.49487486870261
56.67180516335327
54.791882813351165
57.448981887665255
54.07193577874959
51.7908701038518
52.972676632606316
53.105350977420244
52.646166014948214
51.08280682218369
51.35950309236635
51.85001307110839
49.900686266115066
51.23697993629407
48.25791885772128
47.41511484548299
47.83375434395197
45.96328859617731
46.326783007289315
45.889266285049096
45.56437703995609
46.95048748355429
46.48285675229756
45.86802314018739
45.32756113726037
45.053011022505075
44.237702361526495
42.97485843956908
44.92940705549539
43.419417135159506
43.64019517469765
41.69340607387958
40.5873849381884
42.12747853323632
41.94400349657998
40.993835843704
41.467672450291126
39.58776675716049
