4205.595703125
1907.6807861328125
1173.4608561197917
979.8142700195312
775.741748046875
651.9967447916666
554.2458147321429
501.5826416015625
395.04345703125
358.689306640625
328.4559215198864
351.1284586588542
308.4608811598558
256.94100516183033
251.70406901041667
244.1521759033203
218.44887408088235
211.63837348090277
210.56003289473685
188.60181884765626
178.47613234747024
163.6334783380682
167.31770125679347
163.61638387044272
145.893935546875
152.041015625
128.0243236400463
130.61155482700892
124.67583176185344
124.08517252604166
118.94673009072581
120.46870422363281
113.41898230350378
111.18347886029412
104.08246372767857
97.29743109809027
99.1611130173142
98.59676963404605
94.84095177283653
89.0247314453125
81.1689989043445
90.70149158296131
85.66694676598837
84.93931995738636
80.50022243923611
80.43366805366848
80.02196226728724
73.84864298502605
71.15260283801021
76.270693359375
76.97282858455883
75.44391338641827
70.68205059699292
70.63924153645833
69.19385653409091
66.48897879464286
66.35725911458333
66.04327182112068
61.764019465042374
63.73678792317708
60.60280321465164
63.44281990297379
60.42041015625
58.406532287597656
58.1544921875
59.25763494318182
56.34671612639925
53.159495634191174
51.47802026721015
56.80259486607143
56.73440938600352
52.772922092013886
47.29249384631849
51.547508445945944
49.61369140625
46.95859888980263
48.74977171266234
44.49956805889423
50.66748973991297
44.727081298828125
41.84519073109568
43.11229873285061
44.66167403990964
43.16770717075893
41.04091796875
42.67990609102471
43.15515277029454
39.78096147017045
40.889319259129216
36.591853841145834
41.08943058894231
41.39201023267663
36.008082892305104
37.225456075465424
38.803276624177634
36.31737518310547
35.59716293492268
34.83806999362245
32.564315025252526
34.53270751953125
35.581214224938115
