4102.607421875
1838.5003662109375
1328.4993489583333
929.9212036132812
730.513134765625
678.6767985026041
559.8055245535714
489.4274597167969
424.93202039930554
392.57265625
337.6241566051136
328.90537516276044
279.66980919471155
272.8754185267857
253.984375
236.629150390625
242.23348460477942
195.71099175347223
198.52428556743422
191.54144287109375
164.9316173735119
165.2421320134943
177.72799549932066
160.75023396809897
140.90263671875
142.83128004807693
137.21580222800927
142.91945103236608
133.47921437230605
122.35653483072916
112.67110320060483
119.86801147460938
112.60287937973484
118.32194967830883
95.82606724330357
93.14158121744792
101.00839315878379
96.8655941611842
90.4783215645032
96.70758666992188
87.11091129954268
89.272216796875
86.2962390988372
78.27442515980114
80.38232421875
84.72178583559783
73.6488634474734
79.09130350748698
75.57933075573979
76.275478515625
79.6133674172794
77.11483999399039
73.1458579009434
69.09208622685185
65.03096590909091
68.11076136997768
67.55184347587719
61.90597639412716
61.75763870497882
64.05680338541667
64.9183849897541
60.21524146295363
58.086840432787696
58.732025146484375
50.53558819110577
59.08353308475379
59.275230293843286
57.613209443933826
52.24154707314312
53.10573381696429
52.319972078565144
49.510152180989586
47.77013324058219
52.06729043496622
48.91665690104167
48.50480571546053
48.428565087256494
46.04352276141827
47.7737187252769
49.0948486328125
45.54194999035494
45.06230945121951
46.14990234375
43.038181849888396
43.976226447610294
43.06685194858285
40.248493063038794
41.05784745649858
42.523360691713485
38.49034288194444
40.40585293612637
37.094540803328805
36.24397261424731
37.5702527634641
35.02217310855263
36.069091796875
34.67432144007732
34.67103794642857
35.97298670296717
34.37945068359375
32.64317518177599
