3764.7783203125
1993.031494140625
1316.0099283854167
945.4622802734375
840.65478515625
632.4888509114584
550.3650251116071
429.6240234375
405.859375
371.2827392578125
362.34719016335225
327.41310628255206
303.9268141526442
289.86891392299106
250.41871744791666
212.77850341796875
231.16241096047793
209.61789279513889
204.95412726151315
192.23582763671874
180.72379557291666
157.53336958451703
159.8359905740489
159.04523722330728
155.065673828125
141.55487530048077
138.64738859953704
148.017822265625
128.63445413523706
122.55069986979167
116.90522618447581
114.23875427246094
119.36153527462122
103.78297334558823
108.72299107142857
102.14011637369792
109.94657939189189
103.5966732627467
99.33924904847757
94.61278686523437
93.07035418254573
95.63518415178571
84.8424327761628
82.26202947443181
80.29175889756945
85.0359576681386
80.57859250332447
78.28145345052083
71.25691565688776
82.776953125
75.52657781862744
64.65053147536058
64.98561873525944
73.39235658998842
70.93334517045454
73.77219935825893
58.0576171875
68.15443578259698
62.73497086864407
62.27722981770833
62.226402407786885
60.736635269657256
58.58343796502976
56.31205749511719
62.30224984975962
60.98138612689394
59.38440123600746
53.11887853285845
54.4107471410779
51.533604213169646
54.89560753191021
51.36506483289931
51.621337890625
52.30150047508446
50.102587890625
52.682279887952305
47.27449015827922
43.79923189603365
45.19372404074367
45.4192138671875
42.067533516589506
42.98641149009146
45.1893648814006
42.91363234747024
45.391937614889706
39.93820403343023
40.608479817708336
39.138513738458805
41.063399754213485
38.900851779513886
43.74144166380494
41.86168902853261
41.92977675571237
39.59470059009308
41.52334498355263
37.93797302246094
39.276432627255154
37.57644591039541
37.019972675978536
38.85651123046875
37.08867380878713
35.58509497549019
33.806977207220875
36.12014535757211
34.953497023809526
34.81278559846698
34.070974189544394
35.922591597945605
36.38835382024082
32.27139337713068
33.05627111486486
31.65885489327567
33.409434630807525
32.418011581688596
33.114803413722825
28.85174350080819
27.16914771968483
31.647340936175848
29.337872160582982
28.288777669270832
27.998950800619834
30.336876040599385
29.41576155995935
29.449630245085686
27.17722265625
29.117881169394842
27.903950848917322
29.966468811035156
26.79938453851744
27.641485126201925
27.266855021469464
26.749034534801137
28.030139435502818
24.634634444962686
25.828370949074074
24.76424452837776
26.175831147354014
24.371058367300726
26.271322785521583
24.389962332589285
27.2544551335328
23.559303820972712
23.842677829982517
24.524090237087673
24.55341796875
22.810573630136986
23.747350991177722
25.08649506440034
23.12563247168624
24.407926432291667
22.252926453849337
24.328467118112666
22.607097949857025
22.03492479200487
22.255504977318548
21.609520545372597
21.565631842157643
22.563975660106802
19.83280512971698
20.635174560546876
20.594217051630434
19.981235833815585
19.033694401840492
20.97604444550305
20.770282907196968
20.86068247599774
21.0840852474738
19.288067045665922
20.959056605954142
19.192757640165443
19.92701051946272
20.317446686500727
19.83973931990607
20.59236092403017
18.858677455357142
18.430307561700996
19.184894454007768
18.476755892292836
18.303554087377794
19.21475830078125
18.813248607993785
17.92076697716346
17.035408395235656
17.508213209069293
16.847772381756755
19.158406575520832
17.780665106951872
17.84889773105053
17.661876860119047
17.213146330180923
17.320240919502616
18.129998524983723
17.197982867147022
16.232421875
18.0457281650641
17.112902582908163
15.810378331218274
16.17080472695707
15.869601915829145
16.0553857421875
17.330418221393035
15.743200321008663
15.903507927955665
16.285603841145832
16.552433069740854
15.93407492035801
17.000148607336957
16.43974186823918
14.417323938397129
15.593876720610119
15.702742011626185
14.591982283682194
15.522052890258216
15.119813722984814
14.44044331395349
14.07525747793692
15.564562256984447
14.890887059202981
14.287488406107306
15.321324573863636
14.254006778492647
14.664565077773085
14.996884196328475
13.071663992745536
14.912721354166667
14.938671010785399
13.964086591409691
13.917131390487938
14.100432416757641
14.039682404891304
12.598406638933982
13.691104231209591
14.439613440517704
13.575841137486645
13.293415475398936
12.809199963585804
14.050177594277427
12.865700088629202
14.119002721299687
11.584067789713542
13.126125478150934
13.015620964617769
12.128728419174383
12.170958472079919
11.980729830994898
12.006249404535062
12.059707703378036
11.550693635017641
12.570636059864459
12.7616025390625
12.403528464267929
11.545943971664187
12.052321362401186
11.982790969488189
11.368613089767157
12.670141220092773
11.90294792679961
12.203786450763081
11.185452612210424
10.761739408052884
11.37691570881226
12.193486104484732
10.466856285646388
11.743583910392992
10.706788030660377
11.520010353031015
10.717436029669944
10.252455981809701
10.469103958526953
10.532666015625
10.975497650484318
10.361927705652574
11.02012952867445
10.950100863937044
11.235765269886363
10.80103069802989
10.945830747969314
10.974370503597122
10.465930569556452
10.610276576450893
10.307584172041816
9.78266289893617
10.177313383392226
10.10473202987456
9.802204118695176
9.641559734211102
9.848367405270034
10.056465996636284
9.709825773140139
9.861837452855603
10.336991247852234
9.812839455800514
9.669331937926621
9.589446813881803
9.387447033898304
10.459228515625
10.102243956492003
10.212949611996644
9.403246825355351
9.794546712239583
9.053297277304818
9.147368778456126
9.268918078331271
8.856266222502056
9.442310771004099
8.687993068321079
8.809194956229641
9.328900225750811
9.27344224059466
9.558255103326612
9.223905998794212
8.410309620392628
8.293563111521566
8.650146484375
9.246839347718254
8.548587074762658
8.42956427444795
8.51576933470912
8.366952543348354
8.353707885742187
7.744946821456386
7.965847607725156
8.310947477263932
8.298994653018905
8.024444861778846
8.229273509394172
8.430568496750764
8.309498856707316
7.743952881601444
7.820188210227273
7.674282477341389
8.263335078595633
7.601596225131382
7.561338504631363
8.012744869402985
7.280539376395089
7.997794765393175
7.269784058339497
7.557383849557522
7.534739774816177
7.261120211693548
7.654713770102339
8.008345623405612
7.384313539017079
7.111827728713768
7.795623250090318
7.514112313130403
7.529611170977011
7.018276269251433
7.386156529017857
7.071024750712251
6.811441594904119
7.5126427496458925
7.1211696129060735
6.749551606514085
7.204001437412219
6.880823813900561
6.701434428465433
6.682608346753134
7.0182786729600695
6.758609845697714
6.746276518257942
6.612605996039945
7.281398228236607
6.181377086900685
6.852062788165983
6.295181981224455
6.281183657438858
6.430020960365853
5.995895138302365
6.215458378958895
6.258969542800739
6.352985453669571
6.041624670997661
5.9988235677083335
6.428970661569149
6.054200513925729
6.235935433201059
5.9667318137780345
5.941357421875
5.912507304995079
5.542434452715969
6.007000397764361
6.088124593098958
6.367562905844156
5.944273321122085
5.673685551921834
5.881526357119846
5.613959069730077
5.677958483573718
6.072471677189898
5.832018793845664
6.08981827985846
5.57459177704632
5.415256625791139
5.638786547111742
5.626640108430416
5.610281632773241
5.834849575109649
5.5760650634765625
5.935302125545511
5.1399035097947765
5.874103404156328
5.660173170637377
5.198656322337963
5.046782394935345
5.221828451320639
4.989828072342218
5.290957126757335
5.2154279011051825
5.2641447118309
5.342897285535497
5.11363238687954
5.010245060575182
4.969634200865964
5.50146484375
5.153922174760192
5.500423449648625
5.14993497352327
5.086013067336309
4.633550141033254
5.235670912322274
5.449297244385343
4.6575628316627355
4.869084903492647
5.359481023510857
4.765904017857143
5.156586548992407
5.037140675080129
4.9491755995639535
4.773325342589907
4.696663467972367
4.824549157404735
4.950411326324885
5.016061646910919
4.7700979250286695
4.481751465961098
4.910177988548801
4.731516497010251
4.407976185191761
4.628948324121315
4.364035766049208
4.691509307103555
4.63441261085304
4.776395716292135
4.139481480346133
4.747955663625559
4.101836068289621
4.509834136623051
4.403656684027778
4.189898370374862
4.689100957549779
4.595378682050221
4.4985835541712555
4.300631277901786
4.527326081928454
4.571214271061269
4.635694212268013
4.161226160386029
4.527243440047554
3.9452065821583515
4.460679619859308
4.555719429164417
4.093817086055361
4.046384093581989
4.239108237074168
4.102841493659663
4.4493715987246265
4.325072461353945
4.191718438331117
4.044281200238854
3.9290518033302435
4.169562632135307
3.9224879268855486
4.240660464638158
4.089959921957064
4.249276023240959
4.213304846855387
4.197701663214379
4.022409057617187
4.140221990319646
3.8331020244424274
3.82985824679736
4.132036193343233
3.793931721166237
4.208722652231224
3.9366166821740247
4.090218966124488
3.521200542800997
3.8343456034757653
3.9490143878882384
3.9071496482787094
3.487507725342292
3.8062749082742915
3.7881421638257575
3.627174131331905
3.9000145894900653
3.770550953815261
3.8435679953657313
3.45444775390625
3.496990394211577
3.693913797933267
3.7536994827907555
3.6756775871155756
3.5318158744585397
3.740328702059659
3.3502360989121054
3.5048318697711616
3.628257286806238
3.7685187844669117
3.3470504372553815
3.464693784713745
3.7541613365009745
3.273800386065175
3.5845527722997574
3.3335921413214633
3.4338459184598644
3.2376838595710664
3.5756156201077793
3.418054668719952
3.154658868537068
3.112890484689296
3.484542117292065
3.294865499015983
2.9905524553571428
3.2141203789656605
3.1712157739860056
3.3900881680575283
3.1748896059782608
3.032145028744104
3.191752920491996
3.2813335217927633
3.190794295262664
3.1281420532683755
3.101034289208528
3.111753093662547
3.036195097910847
3.0658287984287873
3.2078979718663034
2.9704323097511574
3.041374389874076
2.9630054882091788
3.029735698664825
2.9354378195369946
3.0203360181336008
2.6620096618875917
2.7700112742087524
3.001452814923586
2.968902532303051
3.00164306640625
2.9663258741209164
2.811446480129076
2.6306412819281193
2.957676195495826
2.9092221371762386
2.7274953718665693
2.835236198384201
2.7901431941644264
2.950621575916816
2.974802507672991
2.61828635040664
2.8296146053436386
2.778983568425289
2.916402830299756
2.7027542519358407
2.735641856918065
2.6076233878968256
2.579582966549296
2.6808234618711557
2.8014138740405703
2.5084722355242994
2.571394060041521
2.6955238328970332
2.60539559287892
2.621486922554348
2.63944583468967
2.4490330000270797
2.6617311259867
2.5994525178108807
2.454962789601293
2.5652214746261834
2.6402029974763748
2.608361167318825
2.5764022200074916
2.5369691506410255
2.4430556573965445
2.4933899029759368
2.508371573727147
2.4009075067646433
2.364480849443856
2.493388167896045
2.4791206153663428
2.343146029853499
2.360429038102378
2.2793173910189077
2.2351418309563758
2.3745411628454773
2.63877924788357
2.3873142248800083
2.421217447916667
2.5786673090422214
2.323540266170058
2.487466840601679
2.199596885024317
2.276986416903409
2.25774078872731
2.3610417524711695
2.216571807861328
2.1299443487659073
2.434910108222336
2.1878192608173075
2.2092949362362133
2.4179151824403546
2.4285671967248574
2.1273197329141262
2.2046485009131493
2.2732701232019856
2.342883853850627
2.2770081059420435
2.154340584047379
2.015950717403885
2.0825774263339025
2.124457051627709
2.2148237961989183
2.20787109375
2.1755357443715058
2.1027952738736047
2.2029547235768314
2.22603424023748
2.071243334573413
2.2850980199460182
2.0728329042845135
1.8947323863916865
2.097273095549093
2.0359994002214568
2.052615183704304
2.2326326714580063
2.035769471554173
1.8812307438380282
2.0799606323242186
1.9424643196665368
1.971472434165693
1.9698127521141136
2.21669015825165
2.0080093265503876
1.9783174024646866
1.999380780887751
2.021206325954861
1.936232838682107
1.749092548076923
2.0386379728302613
1.9009815052243098
1.9611251854421898
2.009600624761086
1.8495741516579198
1.9254747716391958
2.016889923420852
1.952727622174202
1.794837037058991
1.9248758951822917
1.871134378545764
1.864704788991692
2.002284905849359
1.9603074774684677
1.738024259868421
1.9113608237143394
1.6690908085996063
1.839546614778256
1.8443220335271862
1.8882422603777984
1.75375780085693
1.8567078000023252
1.7374144238136144
1.818044962444362
1.6661733217592594
1.8934237688956177
1.742576430079856
1.8026663181001106
1.772509837536819
1.8227763456456803
1.8192525855245043
1.6970066283105756
1.6447993399981697
1.823831301683571
1.8045068002965328
1.5810187425974853
1.6205845017967613
1.6505485357240188
1.6865526705937046
1.640431987375453
1.6177376113648698
1.7127089307487355
1.6532495011498918
1.6547045968795029
1.578279212567446
1.4640494160268498
1.6939683254685258
1.735249778944305
1.5326621037866595
1.6695636858258929
1.4425619998774073
1.6311323812544516
1.621238914695946
1.6066350069912998
1.574018589317376
1.6446602364775142
1.7378792985325318
1.6420967403778248
1.6201958703389456
1.5990920375770246
1.601661049028657
1.6112957215041257
1.4713148462153751
1.468219148010767
1.496486765187937
1.5278616963818086
1.5089562494551954
1.564398550389537
1.4253447510105182
1.5419316609700522
1.4382408872226076
1.3884770189956284
1.45971004333074
1.3950717989252417
1.4333960802801724
1.3951896898674243
1.5233394407668501
1.5855342320033483
1.5747199248221022
1.4744881407855308
1.3954656473099778
1.3213627716231215
1.476364656164734
1.432413293490293
1.3422629842952807
1.4582567629606829
1.2141158001717265
1.4482785770240514
1.3866288903924222
1.3455553209459459
1.3396743177241481
1.224083172985807
1.2842966647039031
1.3827416204637097
1.3279096974622484
1.3250693149924597
1.3556676249267905
1.3359195484834558
1.3941392885826935
1.3553095703125
1.3295247450014565
1.2522233191956864
1.2147475365465223
1.332620069265998
1.261473315914735
1.2778341303426752
1.38828728095071
1.1857030058284548
1.374652284564394
1.1967954936780427
1.2989511577591164
1.2925741841473917
1.2663159851634174
1.3008043379059637
1.2953634823069853
1.1883965634179177
1.3801018069589308
1.128608226776123
1.1916303101379633
1.246023599203531
1.2074462257315985
1.2391058570980409
1.1987288895739003
1.2175918303102793
1.2100132308467741
1.2210227730347938
1.1764089616262468
1.2763929979966662
1.0960473977555358
1.1053042680789262
1.1810752878421096
1.1156269668618126
1.1025813116119891
1.1506968906947546
1.0992666451035031
1.2214905251073473
1.0929131901703462
1.0995238638166243
1.1002256057410489
1.097064363503758
1.1843473142679362
0.9926027240175189
1.174841247019822
1.0169273395682463
1.1912534701749213
1.0585023506202889
1.0928700062980317
1.0855651702498434
0.9912602086837062
1.0858512115478516
1.0617031140273876
1.0794908328543875
1.067628397294326
1.052172608636505
1.0945557398825698
1.0526419892796215
1.0881331773495586
0.9984360496596535
1.0207892984925448
1.0260335286458333
0.9679673050246609
1.0342993524861452
0.9698143239977322
0.9796010610219594
1.0745848860477378
1.0476567885454964
1.0280593629274404
1.0141325486609871
1.0043717269059067
0.9361019227562881
1.0006860321825517
1.0143138579208486
0.9464127643719623
0.9043492437566368
0.9194106593276515
0.9033758796156174
0.9152321313860339
1.012659413803027
0.9829132485015832
0.8523483827889684
0.9059719264722473
0.958946154667781
0.9041963465073529
0.9224172907767536
0.8588125994105539
0.9287132737739234
0.8814399017370445
0.847134173627685
0.804883918262068
0.9146993727911086
0.827327986818148
0.8978049670149199
0.8691236104546634
0.901236005303984
0.8349344287398299
0.9051077912603428
0.809360328503173
0.8720658500239534
0.8000512005162324
0.8580023552389706
0.8204397342740158
0.8205552795123606
0.8480956601928854
0.832488870732399
0.8406897472359284
0.8392612065110251
0.817378539326867
0.817191028372669
0.7804441796192885
0.76483856910883
0.7768605727351916
0.7446750012461935
0.7818927433371958
0.8166399355287906
0.7899126174132948
0.8092246815459007
0.7676941410755479
0.7401934505058324
0.7752682035070843
0.684771868826329
0.7427197882283295
0.7491843547296086
0.757134261682954
0.7049515852939073
0.7221229073660714
0.7166781490796232
0.7059461186929875
0.7692815480851367
0.6985617367480802
0.7206042896617543
0.7262533752926362
0.7351993206136621
0.6977470631237613
0.7142472072963801
0.6680715787208686
0.7089764528296064
0.6490099368262049
0.7180188153241132
0.667634807367829
0.6396803952334972
0.6565153076993897
0.6989830256577565
0.7100061841667833
0.6391286145920722
0.6185743278631285
0.6487535749162946
0.626286841555184
0.6351674511066259
0.6428666671735956
0.6043914116753473
0.6110125847582547
0.6297913274320953
0.65184918273723
0.6163373288855089
0.5853311949671961
0.5701760129949641
0.6012158041620728
0.6300913268774091
0.5909106901901128
0.5815681876717033
0.6163650328450878
0.6048431396484375
0.5578231560831394
0.5517632883017642
0.5953600607283128
0.5921376324116403
0.5871165368133179
0.5612350829546228
0.576620905132107
0.5459364186162534
0.5630838433513164
0.5734455497559653
0.5910049388881365
0.49051160936231736
0.525279639991554
0.5184449428616024
0.542498937316697
0.5725372577535695
0.5089051869765037
0.4889708160072245
0.4716996501262923
0.5075215351939713
0.4907929153687701
0.48026264198842344
0.48500777463861966
0.5018165131919404
0.5102350811057564
0.4951753270651486
0.5155603573345148
0.5102538413189827
0.5087246545189625
0.4594653994161359
0.42629801000795337
0.48222254090389965
0.4665718199714782
0.45647515907852143
0.47946782499835006
0.45603389176638315
0.4740109217556309
0.470899947317023
0.4714919289830606
0.43978772844587055
0.42849997233243703
0.46012907208136794
0.41491795085487565
0.4127890614784911
0.4262335606876959
0.43982255334396203
0.394334301834186
0.4300150235493978
0.42415305305345996
0.4247670639577378
0.3923648505443601
0.3863845128736061
0.39477969154792747
0.39444664743869695
0.3964702365563599
0.3883181485262784
0.411223010997162
0.4003173198896585
0.387125095795652
0.37911026566116895
0.38362195288412126
0.3819920972632187
0.3662446789863782
0.3520855512775359
0.38044502937683916
0.3688582281881071
0.364523274905835
0.35487957389987246
0.3493807575875223
0.3486028853841809
0.3699343924847406
0.343630286736217
0.31098502686786167
0.34056159400553054
0.3269004010139628
0.3543040781368611
0.32777600727139156
0.3363869406960227
0.3329272534844854
0.30534664277107487
0.31777908002501887
0.33222408793581804
0.3239452879632538
0.28823662570202685
0.3269168773410074
0.31081871995945015
0.31014449508101855
0.31535235595703126
0.30323759492460667
