4799.257920701606
4622.209329407692
4703.605682761781
4682.198740115075
4480.954845593582
5067.832851938056
4985.252593153003
4493.329609990838
4791.909034412596
4282.87471884861
4484.078687282444
4692.094394991376
4483.488356693153
4728.4724640482145
4942.208027228318
4559.13455081421
4334.31143143401
4482.029472465506
4662.2119409794395
4523.200813558683
4274.946266100031
4008.3633504522986
4207.308903299776
4515.511882244487
4189.405762673898
4158.769314848182
4195.512957508494
4174.735998435997
4546.858264007239
4235.647411194905
3857.8147365019736
4170.439925619897
4155.196950453293
4421.199033431631
4791.798595349935
4268.259492695635
4193.605478378932
4423.842204731421
4408.173035299461
3986.1193263505684
4485.256581618258
4259.622300920626
4288.1691454559605
3803.4063183343687
3548.353678583019
3656.0563335973925
4145.577534151559
3872.056300167495
3672.6143513279035
3654.3137881021703
3332.7772350962223
3746.7742351588245
3946.2472624364036
3826.628332006084
3764.7293073667142
3812.885446947543
3517.601899969947
3523.839563604609
3676.6967545406173
3391.934155795129
3426.1558135208074
3798.7839677229454
3518.189541681949
3669.9583576757177
3428.319063190985
3271.06922645223
3620.6898785206627
3522.2894500401653
3315.383311717846
3386.9687016072503
3308.1017037350043
3254.995225901064
3232.588747436569
3407.1898061723955
3467.4618251276247
3470.9837768428406
3451.0251861999864
3131.9640801380197
3318.6520603961835
3440.3220942756343
2968.276168923927
2915.755511047922
2788.0068177319317
2860.53367444619
2879.4177255672284
2965.51331450004
3145.236304217629
3014.3963097906735
3076.106293776761
3018.304769829372
3059.6754727969246
2922.218800952042
2943.433563178782
2891.1809222749903
2932.051754465157
2881.9513183810695
2906.046801061713
2965.09265880373
2952.3969632821572
2765.7910245077455
2720.875435636483
