3517.6298828125
1924.0072021484375
1262.7753092447917
963.4736328125
768.453857421875
648.330810546875
543.6949986049107
492.00543212890625
418.08441840277777
386.341943359375
308.81349875710225
326.8738606770833
292.3451397235577
289.49930245535717
258.00221354166666
232.73753356933594
235.95872587316177
210.66288248697916
213.40409128289474
193.169580078125
160.84061104910714
171.95632102272728
146.5743355129076
164.44847615559897
155.12984375
145.50655423677884
124.81760886863425
133.6866455078125
129.81792160560346
128.88826497395834
123.60146011844758
112.7934799194336
116.14463482481061
102.70509248621323
101.69593331473214
101.70069715711806
102.12476245777027
93.66789165296052
87.78502478966347
99.90140991210937
85.93128930068598
89.1406482514881
79.3570925690407
80.00089888139205
81.37909071180556
79.7228420091712
79.22169007646276
74.69809977213542
71.5326002471301
74.817412109375
73.95835248161765
72.158935546875
68.9001787293632
67.83119032118056
67.963232421875
67.73616245814732
66.04055304276316
65.19763604525862
65.12156547934322
57.310546875
58.44208263960041
62.881812310987904
63.12217106894841
58.09679412841797
60.48516376201923
54.56557765151515
54.792538770988806
52.24392520680147
51.57504670516305
55.964955357142856
47.36920939700704
52.90864732530382
46.93644317208904
48.91177285684122
52.493587239583334
48.05503443667763
49.19595297280844
46.23254081530449
45.97565392602848
45.50080261230469
46.29630232445987
43.4891982660061
46.16480374623494
45.7628900437128
42.356884765625
39.60217569040697
40.36079213811063
38.50816483931108
39.16445202773876
39.26100802951389
40.5713132082761
41.63529636548913
38.304839759744624
33.997207966256646
40.84168893914474
39.00129954020182
41.188134262242265
38.50491021603954
36.48129734848485
37.961142578125
35.941558535736384
