5204.966828148708
5820.180429225942
5583.075599400797
4806.629465029126
4723.951169854231
5205.500578482784
5411.2399240218665
4559.037715502347
4729.669653169852
4867.686799434511
4391.192395724424
4782.637910396183
4525.214551435126
4449.302960892667
4439.886295836997
4825.84725348556
4403.655069569068
4700.537065797332
4514.373172034308
4402.741935282317
4592.037943731769
4914.094973018469
4587.294971896477
4263.092320735083
5000.389513117879
4396.590378088659
4493.644104085784
4417.720365065198
4374.45618943492
4612.386466815755
4546.221958948061
4827.3517357936935
4194.970189944201
4065.6442733996596
4299.319443333238
4503.035159621885
4351.671432687054
4291.610304923529
4225.349485100004
4145.300780729025
4412.141643869591
3966.3997163811337
3921.7949111482094
3693.2144411562413
4161.859707398434
4142.93884843346
3778.0666781757386
4079.993887802645
3972.5357067486125
4244.90041468727
3652.6875009379983
3757.126895257921
3818.931060913202
3753.9041175164384
4051.254142452187
3748.752401912234
3943.8474031364817
3598.507974065812
3917.89486373115
3665.2478557978848
3791.2923886129465
3975.2717728130065
3562.044593308389
3627.2208268721624
3550.739715495286
3336.811433172295
3494.8704239949616
3539.141463631895
3297.8330396166193
3466.2889059696995
3407.404107144934
3616.6002240868497
3284.2046467555215
3610.5710462800944
3220.4151380192457
3600.100012765094
3392.6397472057297
3144.303523472861
3085.0806555139293
3353.8921168046036
3265.8888440044157
3307.712065553227
3149.9090933027674
3095.1427584442204
3242.337661447142
3083.7348254481885
3143.2116385500135
2942.821192333559
3108.3449811538903
3280.9295272026798
3046.7938999205185
3163.009819331668
3285.706249924152
2915.6369315171514
3020.84909647683
2909.5886291051033
2862.763430187304
2969.244570639494
2980.442794082806
2879.147096749687
2784.6672706169334
