3765.2421875
1933.206298828125
1360.2683919270833
943.1498413085938
734.36279296875
624.6953938802084
555.0710797991071
454.94281005859375
425.90106879340277
387.1610595703125
362.1812855113636
324.7886555989583
283.6023137019231
271.81626674107144
265.948828125
265.58453369140625
234.43178423713235
219.37148708767361
198.41735197368422
200.940087890625
201.16531808035714
169.2245427911932
146.99345066236413
158.79725138346353
145.474990234375
147.12286846454327
137.0586841724537
129.19808523995536
132.98024986530172
120.64195963541667
124.15734469506049
123.25483703613281
105.66079249526516
118.05553481158088
107.80461774553571
103.75425211588542
101.2191063133446
104.1149838096217
87.55596454326923
91.00230712890625
89.65235565929878
79.1078869047619
86.78398664607558
87.1830888227983
88.70779079861111
80.7566448709239
78.33882043716756
79.32799275716145
73.56968470982143
78.6897216796875
71.41625497855392
71.86653958834134
70.65033074145047
72.24595359519675
70.53212890625
65.392578125
66.52981942160088
66.21208243534483
66.46692929025424
62.917659505208334
58.76395203637295
59.35168850806452
58.28511749751984
55.96482849121094
57.350146484375
55.928951379024625
56.626253498134325
58.042674345128674
55.885303442028984
50.185885184151786
50.52062472491197
50.63908216688368
49.801356485445204
50.03530801309122
45.124990234375
48.48582378186678
44.975440087256494
42.53819548778045
42.40907461431962
47.083685302734374
42.25450002411265
47.63577791539634
44.44878341490964
44.78085472470238
41.846846277573526
38.20771825036337
42.3939559761135
39.11875499378551
44.27533027563202
40.749273003472226
39.49216067135989
38.807181980298914
36.74275453629032
39.125381794381646
40.572568873355266
36.97100321451823
32.90491351884665
38.67483458227041
36.52446338383838
35.7639697265625
35.10447526686262
