3648.739990234375
1910.5677490234375
1286.8942057291667
970.9683837890625
790.32470703125
688.184326171875
548.8300083705357
453.24871826171875
455.95648871527777
374.3904541015625
346.44899680397725
313.09263102213544
285.26014122596155
262.08694893973217
250.12626953125
250.98760986328125
203.11764705882354
204.19162326388889
207.61870374177633
181.44652099609374
188.95075334821428
166.6102627840909
169.65568741508153
140.6383260091146
149.196357421875
137.57140174278845
133.86298285590277
131.63429478236608
129.27589574353448
125.37802734375
121.36138325352823
118.1636734008789
111.98138612689394
111.44465188419117
105.16976841517857
99.70833333333333
95.04639991554055
93.66681229440789
94.66602814503206
94.21471557617187
91.68815501143293
92.47353980654762
81.64679097020348
87.52769886363636
89.01088324652778
73.52343219259511
75.95535343251329
81.84769694010417
81.56820990114795
72.093759765625
74.21486289828431
76.12767615685097
75.4613935362618
70.7738624855324
70.1849520596591
67.57455880301339
63.05460183662281
65.08634159482759
65.06228896318856
61.03897705078125
59.485627721567624
59.58505150579637
62.06615823412698
58.059547424316406
56.96115910456731
52.581258138020836
52.78789645522388
52.02278047449448
56.57918648097826
54.69945591517857
51.799412687059856
52.49938286675347
52.435573630136986
52.339012352195944
49.636529947916664
50.39339406866776
45.16148792613637
45.40137970753205
44.57139413568038
47.35139770507813
46.00012659143518
42.51834032012195
44.77227856739458
43.819405691964285
40.66904296875
42.93475767623546
41.68272382363506
37.56206720525568
42.42651915818118
39.48375108506944
42.23087117960165
40.35068147078805
39.168121009744624
38.87326504321808
38.859984066611844
33.979838053385414
39.68076977287371
36.68575115593112
38.11283489188762
35.6212158203125
36.80907961401609
33.96052581188726
35.30365168006675
35.27381779597356
33.75799618675595
32.37635428950472
34.90674740800234
34.010093406394674
33.510921373279814
29.736447975852272
30.674419781109233
29.739820207868302
29.80162601977323
29.01964261239035
29.98876316236413
28.95318813981681
33.601499899839745
28.21563410354873
31.06735819327731
29.3458251953125
28.07280636621901
29.601866675204917
30.540451918191057
27.178959015877016
30.441068359375
28.266223725818453
25.864084799458663
28.068931579589844
28.079580380935077
25.342626953125
27.266640699546755
25.892909194483902
25.45717259457237
25.26901563957556
27.383781828703704
23.711368336397058
26.82007548756843
25.353482011435688
23.30069694244604
24.059641810825894
24.272710272606382
23.557132344850352
23.056357217001747
22.850977579752605
25.875340113146553
23.957787082619863
23.10471805909864
24.248375145164697
21.89105265572567
23.068401692708335
22.0095683723096
21.817005358244245
21.49039075265523
22.13514451856737
21.053148626512098
21.521341959635418
22.46128427298965
21.18511113034019
19.67472023634041
19.073358154296876
21.49109417459239
19.87757854697145
20.47133819018405
19.982275986089938
19.80134647253788
21.029296875
19.982532980913174
20.18047369094122
20.95870989737426
19.97945915670956
19.21704958196272
18.965806118277616
18.19950663836705
19.4758370936602
19.023939732142857
18.869702425870027
19.10478046654308
19.422975004389045
19.285785014402933
19.974949815538196
18.152527192679557
18.65527075463599
18.24813225751366
18.712560239045516
19.94905642947635
16.56551238029234
19.155875302891044
18.045243932845743
16.871396019345237
16.333791632401315
16.740196028304975
16.5685551961263
15.929520522992227
16.372836712709407
16.14940154246795
16.342855648118622
16.51982620161802
15.28988493331755
15.75055821097676
17.243001708984377
15.011221966340175
16.826515122215348
16.312335235144705
15.702392578125
14.98514434070122
15.766504380309467
16.13799724486715
15.210822472205528
14.576684687126196
16.22199474516369
15.785526510663507
13.953092755011792
14.653510581719484
14.793131890698014
15.114972065770349
15.496690538194445
14.601038216445852
14.629752902809633
15.140148981521119
14.615245472301137
14.608568562641402
13.652480116835585
13.843608770669842
13.603167942592076
13.36681640625
13.867896155973451
13.792756874655836
14.327045641447368
13.552397482259826
13.530320142663044
13.44728253517316
12.937386348329742
13.71488775818133
12.726944360977564
13.240910696476064
13.07191596596928
12.424860314477849
13.30477161567752
13.472619475679917
13.870414225260417
11.79586703351919
12.067955836776859
12.552642947852366
12.989037685706966
13.00373684630102
12.456400057164634
12.99088475771761
11.325573336693548
13.005213235755521
11.500736328125
12.551798664716136
12.19570583767361
11.378854140933795
12.527213029035433
11.762521063112745
11.464571952819824
11.398351053319553
11.6828367248062
11.048205990588803
12.598546424278846
11.024823769755747
10.635988191793894
10.242345309529467
10.585956920276988
11.078674086084906
10.597834307448307
10.950828066479401
11.709135596431903
10.154033675069703
11.377345558449074
11.477043574146679
10.57258964987362
10.051629035027473
10.299572130189325
10.615852272727272
11.369015016417572
9.807846344765343
9.348750491794064
11.211283147121415
10.458769880022322
10.736256881116548
10.571508096464981
9.548501166353798
9.99312881684639
10.433852453399123
10.384786112325175
9.732267054115853
9.831370035807291
9.373220899113322
10.733001077586207
9.365702520940722
9.535464770173373
9.592255159449659
8.644231471885629
9.870651814088983
9.214004929001266
8.985022753577441
8.819937277160236
8.958383413461538
9.125078938802083
8.863805219580565
9.49956830763659
8.967446305177393
8.762818185906662
9.053871029713115
9.740003797743055
9.26341898666531
9.049105557528408
9.18287475980987
8.611722687752016
9.333701768488746
9.521216759314903
9.570866301417732
8.7492287022293
8.448466951884921
8.190022528926029
8.308167081526026
8.636282674921384
8.336470170454545
8.854100036621094
7.870012990410825
7.6722844283773295
7.971724282846362
8.972131046248071
7.899323918269231
8.177953053105828
7.458662587203746
8.38046339081555
8.25321093156345
7.9364450165719695
7.920320170883686
7.62841796875
7.71117504222973
7.627458218328967
7.702338648554105
7.677975609188988
7.317805892989615
7.952550041605029
7.518328551345871
7.473015280330882
7.536011816119868
6.918374223318714
7.926413310860059
7.611647495003634
7.3366578917572465
7.3463748645231215
6.648947592083934
7.275971511314655
6.380056299247851
6.9780140904017856
7.438680360799501
7.022327769886363
6.510614930063739
7.178476452153955
6.177768761003521
6.828563218706109
7.330640263918068
6.8843353100995115
6.905116344228761
6.897211371527778
6.8917686060855265
6.861692312672652
6.95196079222624
6.423824100703984
6.704966422303082
6.131976018186475
6.568522357161103
6.787468951681386
6.50805597899729
6.765253510346284
6.593108390540769
6.799454883862567
6.216492517384383
5.707801533255347
6.248276041666666
6.4965151523021945
6.699747181697613
6.559666547825728
5.823598413794525
6.126338276110197
5.960276846497703
6.087789645369765
5.689858538674935
6.043416341145833
6.057816304788961
5.561476633338731
5.933471364260336
5.462194698373067
5.907251039323586
6.30117437900641
5.945080222985934
5.373599928252551
6.082364225508906
5.514184942100254
5.838822685917721
5.669452089251894
5.70477494785107
5.587917615420854
5.5976678757440474
5.7578564453125
5.479470878467893
5.5915636660447765
5.3702159342044045
5.490147958887686
5.448318142361111
5.606353910098522
5.195252514588452
5.509748870251226
5.341903126910147
5.067507860137195
5.169365281896289
5.330953357289139
4.995776899213075
4.860406700539704
5.190744423004518
5.322836068960337
5.362591567371103
4.901363683089115
5.194313795868139
4.783601597377232
5.180239570961995
5.39962985504295
4.77687393801714
5.140727492998231
5.245916819852941
5.435470079592136
5.026044144284251
5.2538959824036215
4.966721185715326
4.483712981468023
4.8368897050826565
4.752785011574074
4.8823918789694
4.467832785048243
4.616846264367816
4.43014946333859
4.741608713529748
4.641271582477169
4.455909537834567
4.617243818803267
4.7789802118764175
4.599693609039169
4.740111478026241
4.334343437675957
4.553009238939607
4.745395266956278
4.721487979760906
4.4417732783726285
4.443942267538976
4.600265842013889
4.363622830342295
4.379303248582688
4.528357499482616
4.603962499139593
4.34462166251717
4.388912535550301
4.519420131291028
4.365144288175491
4.280806398080065
4.563771123471468
4.150476948040944
4.224167596726191
4.474609902301566
4.17297731596848
4.063247647849463
4.095723033462983
3.948109400093683
4.180835952106704
4.165983350546376
3.587732193317819
3.858565863024151
3.5719451904296875
3.990998798394556
3.7642502925566985
3.915412469161184
3.471893054096639
3.9759252776139937
4.0102268362643825
3.6520975706223906
3.459051005045573
3.727782695556133
3.807243885341027
3.845025546308877
3.4989634111893078
3.883849971810567
3.7029469180009
3.460904162522459
3.7175978363537396
3.6148539350076687
3.898881686463648
3.837314831020876
3.7947457166222054
3.7721608376648073
3.3559812476277835
3.920556640625
3.571749779485887
3.75023849149585
3.6891013762079568
3.413607488414329
3.689962890625
3.6276643490363023
3.4006960439492033
3.5659594678025597
3.4506048777746776
3.3333425993966586
3.414434018342391
3.282102566028723
3.110735795629306
3.1547794004788803
3.238059129901961
3.2764825690282535
3.303981304168701
3.366761800606116
3.372019489451605
3.399315932190534
3.004998495412427
3.31837684734647
3.2575021397653234
3.09732814193461
