4467.3068678568725
4788.959661912296
4863.156650575741
4498.296027665175
4553.825937968003
4600.236522910884
4488.573862442134
4751.294484268085
5020.037980375317
4441.983687240347
4260.188056259248
4219.243133033562
4341.421698846397
4298.8760861578985
4273.622376208165
4026.8495332469797
4442.381331632165
4345.0517255233135
4468.551374917215
4155.277871422545
4438.895694982437
4896.808499340396
4674.098468274657
4414.88730053242
4023.9488521070857
4500.564450170188
3658.7205366288918
4464.90099809454
4383.0996005318475
4649.42969171567
3980.807856965961
4786.931254277385
4329.318190708141
4283.888494049013
4081.9002587080977
3760.6839552779165
4333.015967593669
4720.834654813711
4069.9502084027613
4081.011384901871
4430.951985301026
4115.500999604677
4209.750904674468
4008.6396337755496
4018.8931226829136
4065.68405859077
3966.168750753378
4120.150488554946
4040.303761481566
4059.191602316161
4106.929915041079
4052.305419674253
3870.145941348091
3919.717247909734
4210.671511776494
4105.170635449032
3751.065808912798
3906.9958036934113
3894.6821299503476
3823.2229548497435
3484.1109158317713
3844.044184838776
3953.374926476769
4020.278992487204
3816.7960347410326
3843.193365379768
3903.56226513756
3890.804242512763
3782.7363134128996
4010.235388834888
3463.40895148143
3432.2264526299573
3592.1846139493355
3452.0869976052663
3370.6913063283555
3607.3874176458303
3330.691799496161
3477.4282656769183
3935.9364644280654
3608.474179928699
3431.679073898431
3172.2927957325287
3165.951915367094
3531.869349455832
3392.3951995506645
3351.472555008799
3309.3758086244547
3215.022404347794
3183.3972302560774
3034.861657587492
3091.8711447678825
2940.8937660980528
3287.3820074400146
3496.552526390614
3226.2825745406326
3271.947600023555
3034.4452200285505
3112.592737746995
2990.2466163556933
3132.575168766513
