3718.736083984375
1952.0177001953125
1246.8333333333333
985.3306884765625
786.16005859375
600.8811442057291
557.683837890625
490.2569274902344
421.6110026041667
371.893603515625
362.9739435369318
296.8874104817708
269.1933030348558
282.56246512276783
246.207958984375
224.73565673828125
223.71872127757354
205.63734266493054
203.72441663240133
192.94794921875
192.38733491443452
180.3470126065341
164.328125
149.615478515625
154.33517578125
143.67228816105768
139.7539424189815
131.66357421875
122.46459119073276
123.54833170572917
123.59803427419355
113.69256591796875
111.51965701941288
110.49997845818015
106.38761858258928
100.90631781684027
106.78672006967905
98.65411698190789
102.05120693108974
90.91210327148437
98.18077124618902
89.26290457589286
88.06985828488372
91.36025723544034
82.34281684027778
75.75333305027173
81.49741314827128
78.23338826497395
74.84391442123724
74.4221484375
69.01519416360294
68.23874605618991
75.0997475678066
67.93085847077546
70.11724520596592
64.44868687220982
62.50646330180921
63.8152865705819
60.5188774496822
59.773417154947914
61.34405417520492
64.68766538558468
60.28855871775794
57.35028839111328
58.325015024038464
56.112252900094695
57.944091796875
54.959831686580884
54.28760827105978
50.690541294642856
54.46521511883803
52.52684190538194
52.56232609160959
49.36510900548986
48.63777994791667
48.40173982319079
47.46030019784902
46.21522874098558
43.85718082476266
47.71513061523437
45.22760537229938
46.727735565929876
45.15344385353916
43.764151436941965
42.413999310661765
44.26550576853197
45.410139412715516
43.14769398082387
39.187568578827246
40.23155110677083
39.083313658997255
37.40392004925272
39.070081485215056
37.78214864527926
37.06104543585526
37.11876678466797
40.82981636597938
37.52039819834184
34.58293876262626
34.87042724609375
36.023628461478964
