5434.457261251613
5129.506457282016
5854.680728294136
5798.96242336794
6105.565096404161
5134.332663637703
5574.666120570581
5258.674387986921
5189.5424255125745
5044.834939529877
5605.165056795677
5305.11289360635
5318.62528175298
4882.4989566004815
4618.526497438063
5125.173088031115
5512.480993439903
5398.969675660961
4566.076256865302
4671.179626619972
5409.152909926903
5493.625754415761
5257.102573046123
4794.535141800618
4617.710017936618
5567.6388343636645
4794.363006536884
5111.841853575146
5191.394200949345
5114.85311122969
5015.5769908755465
5003.149105467235
5702.2143758758975
5001.666178911311
4671.934606518051
4962.388683495985
4903.091795439517
4776.543784560606
5129.098705813674
4490.158035928038
4706.966329481891
5153.579965296021
5586.949862772207
4618.706663601256
4847.43756542706
5050.905047480091
4917.048666861357
4990.161000824743
4662.538945493266
4880.015720828368
4906.850759387232
4671.487510260758
5190.030458398399
5416.273184489707
5022.068690469589
4994.067923014302
4718.521133104156
5026.460444703451
5037.909232631542
5402.545003799828
4901.995742578606
4718.708937085288
4618.705262838823
4581.357677213802
4599.623290526892
5230.241038572656
4624.412025761382
5088.785928574477
4624.755565236183
4870.8228484473175
4808.66984617945
4835.542862030446
4787.890738476025
4234.9580464841265
5138.07407035382
4754.522196071159
4586.544646358033
4683.35133338882
4422.684685713449
4125.852187456378
4778.947679074298
4882.444538766171
4664.755576863607
4959.317204778074
4621.717987533131
4771.842898827402
4623.869037788754
4902.767138827508
4413.136153327381
4627.9406483505845
4892.851632668973
4553.542277366444
4382.281547923615
4695.777338825167
4745.9204245543115
4732.364500921389
4764.803129320262
4678.298594018356
4766.531781661006
4350.011488027997
4411.016007354494
