3844.43017578125
1819.60888671875
1301.24951171875
1011.689453125
730.480908203125
610.8749186197916
593.9608677455357
501.20660400390625
436.2744411892361
367.47578125
350.75048828125
304.463134765625
301.5837965745192
279.0692661830357
259.3226725260417
247.71566772460938
227.02452895220588
208.642333984375
190.2594572368421
198.977880859375
185.83404250372024
165.18123002485797
178.0515773607337
168.09210205078125
153.9028125
142.63970477764423
149.41456886574073
132.66435895647322
129.50133014547413
130.66053059895833
127.2548591859879
118.45097351074219
122.1288544625947
108.7237189797794
103.08180803571429
108.73432074652777
102.8901169235642
104.55580540707237
95.06475360576923
95.239208984375
94.05610470655488
89.13766043526786
88.4890988372093
92.62480024857955
84.10772569444444
77.48741083559783
86.45152509973404
80.89462280273438
78.61175163424745
74.227978515625
77.48529890471814
73.28084622896634
71.17985333136792
74.19033474392361
71.73635475852272
69.95290701729911
62.034505208333336
62.15526501885776
65.16373973781779
60.1623779296875
60.874799884733605
60.715875441028224
56.252464657738095
56.505672454833984
58.25760967548077
56.43276515151515
55.04311450559702
60.998678768382355
56.383498924365945
51.310009765625
53.615506024427816
53.141259087456596
53.628993204195204
53.605218010979726
48.0766796875
50.80110891241776
49.38088156960227
51.90253155048077
44.62899896162975
43.39420776367187
44.34713179976852
47.64590975133384
45.90305558170181
45.17886207217262
48.24848920036764
45.7997308775436
43.649933212104884
39.88057084517045
40.170080977879216
43.230875651041664
39.86364343664148
36.99085799507473
42.557777322748656
41.372688455784576
43.305365953947366
40.01906077067057
38.06689704816366
40.873744419642854
36.871720130997474
40.130302734375
36.06007309715346
